Region	Unit	DiscoveryDate	Fire#	TotalAcres	FireName	Cause(USFS)	Latitude	Longitude
3	SLU	20020102	350	1		TAPIDERO	9	35.3161	-120.7989
3	SLU	20020112	192	1		PERFUMO	9	35.2289	-120.7811
3	SLU	20020119	308	0.1	NACIMIENTO L	9	35.6531	-120.7211
3	SLU	20020126	425	0.1	TREE FORT	3	35.0481	-120.48
3	SLU	20020301	1014	0.3	HWY. 101	4	35.3019	-120.6219
3	SLU	20020304	1065	0.2	PRODUCE	7	35.0769	-120.6219
3	SLU	20020305	1081	0.1	CENTRE	4	35.6519	-120.3819
3	SLU	20020326	1472	0.1	HWY 101	9	35.0311	-120.445
3	SLU	20020413	1770	3	STEPLADDER	9	35.63	-121.0419
3	SLU	20020418	1859	0.1	CLARK RD.	9	35.6369	-120.4
3	SLU	20020418	1856	0.1	BERROS IC	4	34.9881	-120.535
3	SLU	20020420	1913	2	NACIEMENTO	7	35.725	-120.6489
3	SLU	20020422	1941	2	EAGLE	7	35.4919	-120.7039
3	SLU	20020423	1955	2	MEADOWLARK	7	35.5939	-120.6489
3	SLU	20020423	1959	1	GROUND SQUIRREL	4	35.6369	-120.525
3	SLU	20020423	1958	1	BEHLMAN	7	35.4181	-120.4981
3	SLU	20020424	1977	0.5	PARKHILL	7	35.37	-120.4089
3	SLU	20020430	2098	0.1	DIVISION	8	35.0311	-120.4631
3	SLU	20020430	2090	1.5	WARREN	7	35.755	-120.7211
3	SLU	20020502	2126	0.2	COTTONTAIL CREEK	7	35.5011	-120.8811
3	SLU	20020505	2175	0.3	HWY 101	9	35.6531	-120.7211
3	SLU	20020506	2197	0.1	HWY 101	9	35.4919	-120.7039
3	SLU	20020507	2221	1	CYPRESS RIDGE	4	34.9881	-120.5531
3	SLU	20020507	2218	0.1	LOS BERROS	9	35.0769	-120.5511
3	SLU	20020508	2244	1	HOG	4	35.7539	-120.56
3	SLU	20020510	2271	150	SUNBURST	4	35.55	-120.4719
3	SLU	20020514	2340	0.1	CASLU02340	7	35.015	-120.6061
3	SLU	20020515	2364	6	HWY 41 EAST	4	35.7239	-120.31
3	SLU	20020515	2356	5	ADELAIDA	7	35.6531	-120.7211
3	SLU	20020516	2377	0.1	HWY 41 E @ COTTONWD	9	35.7681	-120.2381
3	SLU	20020516	2378	3	NIDERER	4	35.595	-120.7569
3	SLU	20020517	2398	5	CHOLAME VALLEY	4	35.7831	-120.3461
3	SLU	20020518	2421	2	ALMOND DR	9	35.535	-120.615
3	SLU	20020520	2460	0.2	VAQUERO	4	35.55	-120.6661
3	SLU	20020523	2513	3	TRUESDALE	4	35.5939	-120.3461
3	SLU	20020524	2529	0.1	HWY101	9	35.6669	-120.7031
3	SLU	20020525	2552	0.1	SANTA MARGARITA	4	35.4181	-120.48
3	SLU	20020525	2558	0.1	HWY 101	9	35.1411	-120.6231
3	SLU	20020527	2618	0.2	HERRITAGE IC	4	35.7411	-120.8811
3	SLU	20020528	2658	0.1	101	9	35.0881	-120.4281
3	SLU	20020529	2679	1	LAS TABLAS	4	35.5511	-120.7039
3	SLU	20020529	2669	0.1	ADLAIDA	4	35.6531	-120.7211
3	SLU	20020531	2713	0.5	HUTTON RD.	9	35	-120.4439
3	SLU	20020531	2716	0.1	HWY 1	9	35.3611	-120.7639
3	SLU	20020531	2714	0.1	HUTTON RD	4	35	-120.4439
3	SLU	20020604	2807	39	CAMP	9	35.3311	-120.7461
3	SLU	20020606	2844	0.5	EDNA	4	35.2119	-120.5681
3	SLU	20020608	2885	0.1	HIGHWAY 46	4	35.71	-120.3281
3	SLU	20020608	2886	0.7	PISMO	9	35.1411	-120.6231
3	SLU	20020609	2901	50	46	4	35.55	-120.6489
3	SLU	20020609	2909	2118	DAVIS	4	35.7089	-120.2031
3	SLU	20020610	2934	0.2	ADOBE	8	35.4919	-120.6319
3	SLU	20020610	2923	2	HWY 41	4	35.7531	-120.2739
3	SLU	20020610	2930	7	EXLINE	4	35.6531	-120.7211
3	SLU	20020610	2940	20	NACIMIENTO	4	35.6981	-120.8281
3	SLU	20020611	2965	9	166	9	35.0481	-120.34
3	SLU	20020613	3004	0.1	CRESTON	9	35.565	-120.4361
3	SLU	20020614	3018	0.1	DAVIS	9	35.7389	-120.2919
3	SLU	20020615	3040	0.1	NEPTUNE	8	35.0319	-120.5339
3	SLU	20020617	3094	0.3	ACORN SPRINGS	4	35.5519	-120.74
3	SLU	20020618	3128	4	SPRING	9	35.6531	-120.7211
3	SLU	20020618	3107	0.2	VANDAL #2	4	35.0489	-120.5519
3	SLU	20020618	3113	0.1	HWY 41 W	4	35.3761	-120.8169
3	SLU	20020618	3105	1	WOODLAND HILLS	9	35.0769	-120.6219
3	SLU	20020619	3170	0.2	02-CASLU003170	9	35.6669	-120.5611
3	SLU	20020621	3197	2	GENESEO	4	35.6081	-120.5431
3	SLU	20020625	3305	0.3	MORRO	9	35.4481	-120.74
3	SLU	20020627	3351	0.3	02-CASLU03351	8	35.6961	-120.5611
3	SLU	20020628	3369	0.5	CHISPA	4	35.4331	-120.585
3	SLU	20020628	3363	7	HIGHWAY	9	35.4919	-120.7039
3	SLU	20020630	3429	30	LAPANZA	4	35.5061	-120.525
3	SLU	20020704	3612	0.1	THEATRE DRIVE	9	35.55	-120.6489
3	SLU	20020704	3609	1	DUNE	4	35.2281	-120.6219
3	SLU	20020704	3539	0.1	THOMPSON	9	35.0769	-120.4981
3	SLU	20020704	3593	0.1	WALES&CHESTER	9	35.5589	-121.0961
3	SLU	20020706	3659	0.5	HWY 101	9	35.0139	-120.4631
3	SLU	20020706	3670	16	SAN MARCOS	9	35.6831	-120.775
3	SLU	20020706	3681	0.1	CHIMNEY ROCK	4	35.6689	-120.8461
3	SLU	20020706	3669	5.5	LAKE	9	35.3281	-120.48
3	SLU	20020708	3730	2	PEACHY	9	35.6389	-120.775
3	SLU	20020708	3726	8	MCMILLAN	4	35.6811	-120.4181
3	SLU	20020709	3762	2	OAK	7	35.595	-120.7569
3	SLU	20020709	3761	3	ORCUTT	7	35.1981	-120.5681
3	SLU	20020710	3806	0.3	CHIMNEY ROCK	4	35.6839	-120.9539
3	SLU	20020711	3829	0.1	WHITE	4	35.6811	-120.3819
3	SLU	20020712	3861	3	PISMO	4	35.1689	-120.6581
3	SLU	20020712	3855	16	CINNABAR	4	35.6019	-121.0061
3	SLU	20020712	3854	0.5	HWY 101	4	35.3611	-120.6381
3	SLU	20020714	3920	0.1	WAYNE'S	3	35.5939	-120.685
3	SLU	20020716	3988	0.1	TURNOUT	4	35.6681	-120.775
3	SLU	20020717	4006	0.3	PEACHY	4	35.5961	-120.8289
3	SLU	20020717	4004	1	STOCKDALE	9	35.6669	-120.7031
3	SLU	20020717	4000	0.1	SLU4000	9	35.2869	-120.7289
3	SLU	20020717	4013	12	CAMP	4	35.55	-120.5069
3	SLU	20020718	4041	0.1	HWY 58	6	35.4331	-120.515
3	SLU	20020719	4067	1	PEACHY	7	35.6239	-120.7389
3	SLU	20020719	4058	0.1	OAK PARK	9	35.1689	-120.5319
3	SLU	20020720	4084	0.1	101 IC	4	35.5369	-120.7039
3	SLU	20020723	4165	0.1	101	9	35.5211	-120.6861
3	SLU	20020723	4168	1	WELLSONA	3	35.5219	-120.7039
3	SLU	20020723	4171	1	DIVISION	9	35.0319	-120.5869
3	SLU	20020723	4172	0.5	CASLU 004172	4	35.6811	-120.3461
3	SLU	20020725	4213	2	HIGHLAND	4	35.0769	-120.48
3	SLU	20020731	4377	2	HWY 46 IC	4	35.6669	-120.5069
3	SLU	20020801	4405	1	MESA	9	35.0769	-120.6219
3	SLU	20020801	4402	10	BOBCAT	7	35.1139	-120.3369
3	SLU	20020802	4433	0.5	STOCKDALE	9	35.6669	-120.7031
3	SLU	20020802	4406	0.1	RIVER	9	35.6669	-120.685
3	SLU	20020802	4434	0.1	STATE	4	35.39	-120.835
3	SLU	20020805	4525	3	PORTER	9	35.0719	-120.2869
3	SLU	20020805	4515	0.1	MORRO	4	35.3761	-120.8169
3	SLU	20020806	4546	0.2	WEBSTER	7	35.535	-120.525
3	SLU	20020806	4555	80	GILLIS	4	35.6511	-120.2381
3	SLU	20020806	4539	2	CASLU 004539	4	35.7689	-120.5781
3	SLU	20020809	4620	0.1	LOS RANCHOS	4	35.2281	-120.6219
3	SLU	20020811	4683	0.1	TOWER	9	35.6811	-120.5961
3	SLU	20020812	4714	2	CASLU 004714	4	35.6661	-120.4889
3	SLU	20020813	4754	0.3	SLU-4754	4	35.2869	-120.7289
3	SLU	20020813	4752	3	LAKE	9	35.755	-120.8811
3	SLU	20020813	4762	2	CASLU 004762	4	35.725	-120.56
3	SLU	20020814	4773	4	PEACHY	9	35.6239	-120.7211
3	SLU	20020814	4739	0.1	CASLU 004739	4	35.6231	-120.525
3	SLU	20020814	4770	4	CHOLAME	4	35.695	-120.3281
3	SLU	20020815	4798	0.5	GILLIS	4	35.6511	-120.2381
3	SLU	20020815	4817	0.1	TOBY	4	35.6519	-120.3639
3	SLU	20020816	4823	0.1	HWY 41	9	35.7681	-120.2569
3	SLU	20020816	4807	0.1	STATE	5	35.155	-120.6411
3	SLU	20020821	4933	0.1	SPOT	9	35.6519	-120.3639
3	SLU	20020821	4935	0.3	JARDINE IC	4	35.6961	-120.6139
3	SLU	20020823	4983	0.1	DANA	9	35.0311	-120.4989
3	SLU	20020823	4988	0.1	SANTA RITA	4	35.5219	-120.74
3	SLU	20020823	4985	6	HERITAGE	9	35.755	-120.8639
3	SLU	20020824	5005	0.1	DAIRY	4	35.3161	-120.7289
3	SLU	20020825	5039	0.1	101 FIRE	9	35.1131	-120.5681
3	SLU	20020829	5120	0.1	101	9	35.2431	-120.6931
3	SLU	20020829	5118	8	POZO	4	35.375	-120.6381
3	SLU	20020830	5153	1	RIVER	4	35.6961	-120.6669
3	SLU	20020830	5145	3	SHANDON	6	35.6519	-120.4531
3	SLU	20020831	5175	1	TEFFT	6	35.0481	-120.48
3	SLU	20020831	5173	0.1	CALLE LAGUNA	9	35.0631	-120.5511
3	SLU	20020902	5237	0.1	HWY	4	35.3461	-120.7639
3	SLU	20020904	5302	0.2	LA PANZA	9	35.4769	-120.4
3	SLU	20020905	5317	0.1	41	9	35.7539	-120.2561
3	SLU	20020908	5381	0.1	HWY46E SPOT	9	35.695	-120.3281
3	SLU	20020909	5401	8	CASLU 005401	4	35.725	-120.5781
3	SLU	20020909	5398	0.1	BURTON	4	35.0481	-120.48
3	SLU	20020910	5431	3	ARBOR	4	35.595	-120.7569
3	SLU	20020910	5427	50	VAN DOLLEN	4	35.74	-120.5961
3	SLU	20020915	5541	0.1	EL POMAR IC	4	35.565	-120.6669
3	SLU	20020916	5568	0.2	BURTON	6	35.5581	-121.0781
3	SLU	20020919	5636	2	HWY 46	9	35.695	-120.3281
3	SLU	20020921	5669	0.1	HWY 46	9	35.545	-120.97
3	SLU	20020921	5690	1	KINGSBURY	4	35.5061	-120.5961
3	SLU	20020925	5779	0.1	MULTIPLE POWER POLES	4	35.53	-121.0419
3	SLU	20020928	5830	0.1	EL PORTAL	4	35.6519	-120.3819
3	SLU	20021001	5890	0.3	BENDITA	9	35.0769	-120.6219
3	SLU	20021008	2000	1	PRICE CYN RD	9	35.1981	-120.6231
3	SLU	20021009	6041	0.1	TOMASINI RD  SPOT	9	35.3461	-120.7639
3	SLU	20021011	6070	0.5	RIVER	9	34.9881	-120.4269
3	SLU	20021019	6253	0.2	LOPEZ	9	35.1981	-120.4619
3	SLU	20021023	6355	0.1	CASLU06355	9	35.0981	-120.5681
3	SLU	20021026	6417	5	RESEVOIR	9	35.7261	-120.8989
3	SLU	20021028	6450	0.1	SWEETBAY	5	35.2431	-120.6219
3	SLU	20021102	6581	0.1	COTTONWOOD	4	35.7819	-120.2031
3	SLU	20021104	6612	0.5	MORRO	7	35.4531	-120.7931
3	SLU	20021105	6651	1	CAL POLY	4	35.3161	-120.6581
3	SLU	20021115	6906	0.1	ALAMO IC	9	35.0631	-120.5161
3	SLU	20021115	6921	1	HIGHWAY	9	35.3161	-120.64
3	SLU	20021116	6938	0.1	CALLE CARMELITA	3	35.6519	-120.3639
3	SLU	20021123	7063	0.1	CAMINO CABALLO	4	35.0319	-120.5339
3	SLU	20021129	7213	1	2 ND ST.	4	35.695	-120.4
3	SLU	20021205	7360	0.1	PLEASANT ROAD	4	35.725	-120.6311
3	SLU	20030106	110	0.3	POER LINE DOWN	4	35.3461	-120.8169
3	SLU	20030115	274	0.1	SERENATA	4	35.0319	-120.5161
3	SLU	20030205	727	0.1	FOREST WARREN	7	35.5731	-120.97
3	SLU	20030207	762	1	VINEYARD	4	35.5819	-120.8111
3	SLU	20030221	1051	2	DUNES FIRE	9	35.155	-120.55
3	SLU	20030222	1088	0.4	101	4	35.2581	-120.6931
3	SLU	20030304	1304	0.2	TORRO	7	35.4619	-120.7581
3	SLU	20030304	1311	1	VALLEY.	4	35.0769	-120.5689
3	SLU	20030308	1383	0.5	SOUTHWOOD	7	35.2869	-120.8339
3	SLU	20030317	1591	0.1	SPENCER	4	35.5439	-121.0781
3	SLU	20030322	1694	0.1	HWY 101	9	35.0311	-120.4811
3	SLU	20030325	1753	0.1	ORCHARD	9	35.015	-120.4811
3	SLU	20030329	1839	0.1	101	4	35	-120.4631
3	SLU	20030402	1942	0.3	BERROS	4	35.0769	-120.5689
3	SLU	20030411	2201	0.2	EVANS	4	35.3161	-120.64
3	SLU	20030411	2205	0.1	SUMP	4	35.2131	-120.6219
3	SLU	20030414	2261	0.1	ALGEE	9	35.5211	-120.5069
3	SLU	20030417	2331	0.1	HUNTER	9	35.6519	-120.6319
3	SLU	20030419	2393	0.5	TASSAJARA	7	35.3311	-120.6219
3	SLU	20030423	2481	0.3	RESEVOIR	7	35.3019	-120.5869
3	SLU	20030429	2637	1	MONTE	4	35.1989	-120.6931
3	SLU	20030509	2854	0.1	JARDINE	7	35.6811	-120.5961
3	SLU	20030515	2993	0.1	ORCHARD	4	35	-120.4631
3	SLU	20030522	3167	0.1	SLU-3167	4	35.4861	-121.0069
3	SLU	20030522	3169	15	ANTELOPE	9	35.7389	-120.2031
3	SLU	20030525	3260	0.4	HIGHWAY	4	35.4331	-120.6389
3	SLU	20030526	3329	0.1	RANCHO	4	35.5431	-120.8989
3	SLU	20030528	3387	1	ESTRELLA	4	35.58	-120.6669
3	SLU	20030528	3388	100	SMITH FARM TRUST	4	35.725	-120.6669
3	SLU	20030529	3414	25	BLACK MOUNTAIN	4	35.28	-120.4631
3	SLU	20030531	3467	0.5	RIVER	4	35.6961	-120.685
3	SLU	20030601	3500	1	ODONOVAN	9	35.4619	-120.4181
3	SLU	20030601	3501	0.1	VALLEY	4	35.6811	-120.5961
3	SLU	20030606	3614	0.1	SLU-3614	9	35.42	-120.8711
3	SLU	20030606	3627	0.1	SLU-3627	9	35.42	-120.8711
3	SLU	20030609	3729	0.3	EL CAMINO	4	35.4331	-120.6211
3	SLU	20030609	3725	0.1	YOSEMITE PL.	4	35.5639	-120.4719
3	SLU	20030610	3751	0.1	S. EL POMAR	9	35.535	-120.615
3	SLU	20030612	3806	2	SANTA LUCIA	9	35.4781	-120.74
3	SLU	20030613	3847	0.1	SLU-3847	9	35.3311	-120.6219
3	SLU	20030614	3876	1	LAKE	4	35.7261	-120.8989
3	SLU	20030617	3959	0.1	RANGE	4	35	-120.4269
3	SLU	20030621	4060	3	COTTONWOOD	9	35.7681	-120.2381
3	SLU	20030625	4166	0.1	HWY 101	9	35.58	-120.7039
3	SLU	20030625	4164	3	46XLUCYBROWN	4	35.6811	-120.3461
3	SLU	20030626	4175	2	TWITCHELL	9	35.0281	-120.3039
3	SLU	20030626	4285	0.1	LOPEZ	9	35.1839	-120.4969
3	SLU	20030627	4201	0.1	KANSAS	4	35.3161	-120.7111
3	SLU	20030627	4211	2	ODONOVAN	4	35.4619	-120.5069
3	SLU	20030627	4218	3.1	BRANCH	4	35.6381	-120.5789
3	SLU	20030628	4252	0.1	CHICAGO	9	35.535	-120.615
3	SLU	20030629	4294	0.5	RANCHOS	9	35.2281	-120.6219
3	SLU	20030629	4295	0.1	LOCAL	9	35.2131	-120.6219
3	SLU	20030629	4292	0.3	CHOLAME	9	35.7239	-120.2919
3	SLU	20030629	4283	0.1	101	9	35.0869	-120.5331
3	SLU	20030630	4327	6	O'DONOVAN	9	35.5061	-120.5069
3	SLU	20030701	4353	0.1	101	4	35.1839	-120.6931
3	SLU	20030701	4348	25	STATE	4	35.2139	-120.3739
3	SLU	20030701	4358	0.1	MULDER	4	35.5511	-120.7219
3	SLU	20030702	4383	3	TRUSDALE	9	35.5939	-120.3461
3	SLU	20030702	4391	0.1	HUSTON	4	35.1411	-120.5861
3	SLU	20030703	4401	13	ANTELOPE	4	35.7389	-120.2031
3	SLU	20030703	4423	5.5	KILER CYN	9	35.6231	-120.685
3	SLU	20030704	4494	0.1	ARSON	9	35.5589	-121.0961
3	SLU	20030704	4497	0.1	REYNOLDS	9	35.4181	-120.4631
3	SLU	20030704	4466	0.1	CANYON	3	35.2581	-120.7281
3	SLU	20030704	4462	13	YOSEMITE	4	35.5789	-120.4719
3	SLU	20030704	4510	0.3	DUNES FIRE	9	35.1131	-120.6231
3	SLU	20030704	4461	0.2	MOSS	9	35	-120.4439
3	SLU	20030705	4587	1	UNION	9	35.6381	-120.5431
3	SLU	20030705	4578	1	STRAWBERRY CYN.	9	35.5739	-121.11
3	SLU	20030705	4536	0.3	EAGLE RIDGE	9	35.7261	-120.8989
3	SLU	20030705	4572	22	REST	9	35.6661	-120.3639
3	SLU	20030707	4656	0.1	101	9	35.155	-120.6231
3	SLU	20030708	4677	0.1	SANDYPOINT	9	35.755	-120.8989
3	SLU	20030710	4743	3	SPANISH	4	35.3889	-120.6211
3	SLU	20030711	4801	9	46XCENTRE	9	35.6661	-120.3639
3	SLU	20030712	4840	1.5	HIGHWAY 1	4	35.3161	-120.6939
3	SLU	20030712	4854	0.1	POWERLINES	4	35	-120.4089
3	SLU	20030712	4852	0.2	CASLU004852	4	35.0489	-120.5689
3	SLU	20030712	4847	0.1	POMAR IC	9	35.5211	-120.6319
3	SLU	20030713	4872	0.1	PARK	7	35.1689	-120.6039
3	SLU	20030713	4901	0.5	LINNE	4	35.5931	-120.5789
3	SLU	20030713	4890	0.1	CERRO	9	35.4331	-120.7461
3	SLU	20030714	4936	1	RIVER	9	34.9881	-120.4439
3	SLU	20030714	4904	0.8	MUSTARD	4	35.6381	-120.7031
3	SLU	20030714	4924	9	CUESTA	4	35.375	-120.7281
3	SLU	20030714	4934	0.1	PINE	8	35.4331	-120.6211
3	SLU	20030715	4967	2	MUSTANG	3	35.7261	-120.7031
3	SLU	20030716	4980	52	STATE	4	35.3011	-120.6939
3	SLU	20030717	5024	0.5	PARKHILL	4	35.3889	-120.48
3	SLU	20030718	5056	20	TEMPLETON	9	35.5361	-120.6861
3	SLU	20030719	5098	0.8	NO NAME	1	35.3881	-120.1381
3	SLU	20030719	5089	8	ROCKY	4	35.4919	-120.5431
3	SLU	20030720	5144	0.1	MAIN ST/HWY-1	6	35.5439	-121.0781
3	SLU	20030720	5125	0.5	COVE	4	35.7119	-121.0431
3	SLU	20030720	5133	1200	PARKHILL	4	35.3889	-120.4461
3	SLU	20030720	5123	8	SLU 5123	4	35.3611	-120.8
3	SLU	20030721	5177	0.1	LINNE ROAD	4	35.5931	-120.5969
3	SLU	20030723	5210	0.2	SLU005210	7	35.015	-120.4989
3	SLU	20030724	5252	0.1	SLU005252	9	35.0489	-120.5339
3	SLU	20030724	5265	2	VON DOLLEN	9	35.74	-120.5961
3	SLU	20030725	5292	0.2	OAKDALE	9	35.5519	-120.7569
3	SLU	20030725	5290	0.1	MAIN	9	35.5369	-120.7219
3	SLU	20030726	5334	0.1	LINNE	9	35.6081	-120.6139
3	SLU	20030729	5409	2	HARCOURT	4	35.6981	-120.9361
3	SLU	20030729	5408	0.3	HWY 101	4	35.4189	-120.6389
3	SLU	20030730	5430	7	UNION	1	35.6369	-120.6139
3	SLU	20030730	5433	1	RINCONADA	1	35.3161	-120.515
3	SLU	20030730	5441	1	WICKS	1	35.6661	-120.4181
3	SLU	20030730	5451	0.3	MARGARITA	1	35.3311	-120.515
3	SLU	20030730	5452	69	POZO	1	35.3589	-120.2989
3	SLU	20030731	5466	0.1	TWITCHELL	4	35.0281	-120.2689
3	SLU	20030801	5500	7	CALIENTE	1	35.1839	-119.9611
3	SLU	20030802	5544	10	MONTECITO	5	35.4719	-120.8639
3	SLU	20030803	5576	0.1	LOPEZ	4	35.1839	-120.4969
3	SLU	20030803	5567	0.1	101	4	35.6819	-120.7031
3	SLU	20030803	5558	0.1	POZO	4	35.3161	-120.515
3	SLU	20030804	5629	0.1	ZENON IC	7	35.0631	-120.5689
3	SLU	20030804	4028	0.6	MORRO	9	35.4331	-120.765
3	SLU	20030806	5675	30	CREEK FIRE	9	35.0139	-120.3569
3	SLU	20030806	5677	2	LINNE	7	35.6081	-120.6139
3	SLU	20030808	5732	5	CYPRESS	4	35.6689	-120.8819
3	SLU	20030809	5746	1	BULL CANYON	9	34.9869	-120.3919
3	SLU	20030810	5785	1500	CHIMNEY INCIDENT	4	35.1139	-120.0011
3	SLU	20030810	5791	0.3	HWY 101	9	35.7111	-120.7031
3	SLU	20030812	5855	0.1	101	4	35.5661	-120.7039
3	SLU	20030813	5881	0.8	FREEWAY	4	35.4039	-120.6211
3	SLU	20030814	5903	0.1	101	4	35.0481	-120.4981
3	SLU	20030815	5939	0.5	BUENA IC	6	35.6961	-120.6669
3	SLU	20030815	5933	1	TASAJARA	4	35.3739	-120.5331
3	SLU	20030815	5937	1	AKINS	9	35.7389	-120.2031
3	SLU	20030816	5987	0.1	ROADSIDE	9	35.5211	-120.6481
3	SLU	20030817	6005	0.2	ROCKY CANYON	4	35.4619	-120.6481
3	SLU	20030819	6090	1	CAMPFIRE	9	35.6811	-120.685
3	SLU	20030823	6176	0.1	SAN MARCOS	4	35.7689	-120.7569
3	SLU	20030823	6199	0.2	CAL PLOY	4	35.3011	-120.6761
3	SLU	20030824	6227	4	CREEK	9	35.6019	-121.1139
3	SLU	20030826	6257	9	HIGHWAY	1	35.7239	-120.2031
3	SLU	20030828	6303	0.1	CAMINO	9	35.4181	-120.6031
3	SLU	20030828	6306	0.1	SHELL IC	4	35.1561	-120.6581
3	SLU	20030829	6318	0.1	BIRD	4	35.4481	-120.6139
3	SLU	20030830	6348	0.1	SANDAVOL	9	35.4481	-120.6319
3	SLU	20030903	6444	0.1	TOLOSA	4	35.1981	-120.605
3	SLU	20030906	6541	0.1	SUEY CREEK	9	35.0481	-120.41
3	SLU	20030908	6583	2	STENNER	4	35.3011	-120.6939
3	SLU	20030909	6606	60	SHANDON	4	35.5061	-120.185
3	SLU	20030910	6644	0.1	STATE	5	35.1689	-120.6231
3	SLU	20030910	6632	0.1	HWY 101	4	35.6811	-120.685
3	SLU	20030911	6673	0.4	GUADALUPE	9	35.0489	-120.5689
3	SLU	20030914	6745	0.5	SQUIRREL	4	35.5211	-120.5069
3	SLU	20030914	6739	0.5	ADAILADE	9	35.6531	-120.7389
3	SLU	20030918	6868	12	CHOLAME	4	35.7089	-120.2031
3	SLU	20030919	6895	5	RIDGE	9	35.3461	-120.55
3	SLU	20030919	6889	12	CAMP	9	35.55	-120.5069
3	SLU	20030920	6941	0.1	TRIFONE	9	35.0631	-120.4981
3	SLU	20030920	6945	0.5	EAGLE	4	35.755	-120.8989
3	SLU	20030926	7078	1	CREEK	4	35.5731	-121.06
3	SLU	20030930	7213	0.1	BRIDGE	9	35.6519	-120.4181
3	SLU	20031002	7259	0.1	SLU7259	4	35.3311	-120.7461
3	SLU	20031004	7302	0.8	CANYON	9	35	-120.3739
3	SLU	20031004	7306	1	VALLEY	9	35.2869	-120.7811
3	SLU	20031006	7354	1	HIGHWAY	4	35.375	-120.6381
3	SLU	20031008	7409	0.1	HEARST RANCH	9	35.6469	-121.185
3	SLU	20031009	7425	0.1	CAMP OCEAN PINES	9	35.5319	-121.075
3	SLU	20031011	7497	0.5	EXLINE	9	35.6969	-120.7211
3	SLU	20031013	7528	5	166 IC	4	35.0311	-120.375
3	SLU	20031013	7523	0.1	DANA	8	35.0481	-120.48
3	SLU	20031013	7533	7	OAK	9	35.0489	-120.6231
3	SLU	20031017	7635	0.1	SILVER	4	35.015	-120.4811
3	SLU	20031022	7771	4	RANCHITA	9	35.71	-120.6139
3	SLU	20031023	7806	0.1	MOSS	4	35	-120.4439
3	SLU	20031024	7835	1.5	ORCUTT	4	35.2131	-120.5861
3	SLU	20031024	7854	0.1	101	3	35.0139	-120.4631
3	SLU	20031027	7914	150	CUESTA	4	35.3161	-120.6939
3	SLU	20031027	7932	0.1	SLU07932	3	35.0489	-120.5519
3	SLU	20031028	7967	0.1	CREEK FIRE	9	35.4719	-120.8639
3	SLU	20031028	7966	0.1	TEFFT	4	35.0311	-120.4811
3	SLU	20031029	7986	0.2	LAKE	4	35.7669	-121.1319
3	SLU	20031101	8097	1	MEDIAN	4	35.1839	-120.6411
3	SLU	20031102	8126	0.1	WOOD DUCK	9	35.77	-120.9539
3	SLU	20031118	8506	0.1	CUESTA	9	35.1981	-120.6411
3	SLU	20031123	8619	0.1	ERHART RD.	4	35.155	-120.6039
3	SLU	20031127	8719	0.1	RESERVOIR	9	35.3019	-120.6219
3	SLU	20031210	9063	0.1	PECHO	4	35.3011	-120.8519
3	SLU	20031228	9533	0.2	CUESTA	4	35.3311	-120.6219
3	SLU	20040107	171	0.1	TANK	9	35.2431	-120.64
3	SLU	20040117	406	0.1	SUEY SPOT	9	35	-120.4269
3	SLU	20040120	520	0.5	46	7	35.545	-121.0061
3	SLU	20040309	1671	1	AVERY	7	35.3889	-120.6381
3	SLU	20040323	2053	0.3	PEACHY	7	35.6239	-120.7211
3	SLU	20040403	2332	2	WILLOW	7	35.5811	-120.775
3	SLU	20040403	2337	1.3	ROCKY	9	35.4631	-120.5781
3	SLU	20040405	2399	0.1	SOUTHLAND	7	35.015	-120.4811
3	SLU	20040405	2359	0.3	LAS PILITAS	7	35.36	-120.4981
3	SLU	20040407	2448	2	QUIST	4	35.5269	-120.8281
3	SLU	20040408	2475	0.1	SLU-2475	9	35.4331	-120.6211
3	SLU	20040413	2624	0.1	JOSHUA	9	35	-120.4269
3	SLU	20040413	2626	0.1	ORCHARD	4	35	-120.4439
3	SLU	20040417	2728	0.1	GRACIA	4	35.1411	-120.5681
3	SLU	20040417	2710	0.1	VIVA	9	35.0319	-120.5339
3	SLU	20040423	2865	0.1	RANCHITA	7	35.755	-120.6131
3	SLU	20040425	2923	0.5	LAS TABLAS	7	35.6981	-120.9361
3	SLU	20040428	3006	0.1	UNION PACIFIC	2	35.4919	-120.6139
3	SLU	20040429	3040	0.1	PASETTA	4	35.535	-120.5069
3	SLU	20040430	3058	10	BURNETT	4	35.7731	-121.185
3	SLU	20040501	3084	100	AIRCRAFT	4	35.7681	-120.2569
3	SLU	20040503	3177	0.3	TURRI	9	35.3161	-120.7819
3	SLU	20040504	3202	1	NIPOMO	4	35.0481	-120.4619
3	SLU	20040504	3185	0.1	SAN MARCIS	4	35.6681	-120.7211
3	SLU	20040505	3219	100	NIPOMO	4	35.0981	-120.5139
3	SLU	20040505	3220	0.3	SHANDON BRIDGE	9	35.6519	-120.3639
3	SLU	20040506	3238	0.3	ESTRELLA	4	35.6519	-120.525
3	SLU	20040507	3268	0.1	101	4	35.1989	-120.6931
3	SLU	20040508	3291	9	BULL IC	8	35.0981	-120.5139
3	SLU	20040509	3316	0.1	SILVER OAK	9	35.1989	-120.7281
3	SLU	20040510	3330	0.1	MESA	4	35.0319	-120.5339
3	SLU	20040510	3332	0.1	MID-STATE	9	35.5731	-121.0961
3	SLU	20040511	3366	2	MORNINGSIDE	4	35.4331	-120.6389
3	SLU	20040512	3391	1	CREESY	4	35.5639	-120.3111
3	SLU	20040513	3432	5	ORCUTT	4	35.2581	-120.605
3	SLU	20040513	3416	2	OCONNER	4	35.3161	-120.7289
3	SLU	20040515	3470	3	SEQUOIA	9	35.2431	-120.6219
3	SLU	20040518	3553	40	LAS PILITAS	4	35.36	-120.4461
3	SLU	20040519	3575	0.1	BLARNEY	4	35.2869	-120.7111
3	SLU	20040520	3603	0.3	SLU003603	3	35.0489	-120.5869
3	SLU	20040520	3608	9	PARKHILL RD.	6	35.3889	-120.4631
3	SLU	20040522	3646	1	RANCHO	4	35.7411	-121.0081
3	SLU	20040523	3675	7	GEORGIA	4	35.3	-120.0139
3	SLU	20040524	3698	2	BAGGINS	4	35.5211	-120.6139
3	SLU	20040524	3704	0.1	AVILA	9	35.2139	-120.6931
3	SLU	20040525	3717	0.5	TASAHARRA	4	35.375	-120.6381
3	SLU	20040525	3716	5	BELMONT	7	35.3	-120.0139
3	SLU	20040527	3756	0.1	BARN	4	35.7261	-120.8811
3	SLU	20040529	3818	0.1	KESTREL	3	35.1989	-120.71
3	SLU	20040530	3884	0.1	CUESTA	9	35.3011	-120.7289
3	SLU	20040530	3883	45	166 IC	4	35.07	-119.9861
3	SLU	20040531	3928	2	CHOLAME	4	35.7389	-120.2739
3	SLU	20040601	3951	0.1	WALNUT	4	35.4181	-120.6031
3	SLU	20040601	3959	0.3	SANDOVAL	4	35.4331	-120.515
3	SLU	20040603	4005	4	BETHEL	4	35.5519	-120.74
3	SLU	20040604	4024	9	BITTERWATER	4	35.665	-120.22
3	SLU	20040605	4042	6	MONTECITO	4	35.4531	-120.8639
3	SLU	20040607	4104	0.2	101 IC	9	35.0311	-120.4811
3	SLU	20040607	4109	0.1	HWY 101	9	35.58	-120.685
3	SLU	20040608	4140	0.1	WILLOW	4	35.0489	-120.5869
3	SLU	20040608	4157	0.1	41	9	35.405	-120.8169
3	SLU	20040609	4162	5	HARMONY	4	35.5161	-121.0569
3	SLU	20040610	4197	0.1	CUESTA	9	35.3311	-120.6219
3	SLU	20040612	4265	2	ARROYO	9	35.6519	-120.3639
3	SLU	20040612	4256	2	HANSEN	4	35.2719	-120.64
3	SLU	20040613	4308	0.1	LA PANZA	9	35.5211	-120.5069
3	SLU	20040614	4325	1	ASHKIN	4	35.6111	-120.8461
3	SLU	20040614	4319	0.1	MCMILLIAN	4	35.6811	-120.3281
3	SLU	20040617	4410	0.1	POMEROY	4	35.0489	-120.5339
3	SLU	20040617	4403	0.1	TASSAJARA	4	35.3889	-120.6739
3	SLU	20040618	4462	0.1	CUESTA GRADE	4	35.3611	-120.6381
3	SLU	20040618	4453	0.5	SLU 4453	4	35.4769	-120.6139
3	SLU	20040619	4507	0.1	RIVER	9	35.6661	-120.3639
3	SLU	20040623	4613	0.1	EDNA	4	35.1981	-120.6231
3	SLU	20040627	4742	40	CRESTON IC	4	35.5061	-120.5961
3	SLU	20040628	4764	0.1	101	9	35.0481	-120.4981
3	SLU	20040629	4787	2	CANYON	4	35	-120.3739
3	SLU	20040629	4789	0.1	KELLY	4	35.0311	-120.4811
3	SLU	20040630	4815	1	RIVER	4	34.9881	-120.4439
3	SLU	20040630	4811	0.5	GUADALUPE	9	35.0489	-120.5689
3	SLU	20040701	4846	0.1	HERITAGE	8	35.7261	-120.8989
3	SLU	20040702	4880	0.1	BITTERWATER	4	35.5611	-120.1131
3	SLU	20040702	4876	0.2	CALF	4	35.4031	-120.4461
3	SLU	20040702	4882	0.1	ROLLING A RANCH	9	35.5211	-120.5611
3	SLU	20040703	4924	0.1	ORMONDE	4	35.1689	-120.6039
3	SLU	20040703	4890	0.1	101	4	35.0311	-120.4811
3	SLU	20040704	4962	0.1	DUNES IC	4	35.0769	-120.5689
3	SLU	20040704	4958	0.1	NACIMIENTO	9	35.755	-120.8811
3	SLU	20040705	5010	0.1	CAMINO IC	9	35.0319	-120.5519
3	SLU	20040705	5001	0.1	OLD OAK PARK	9	35.1411	-120.6039
3	SLU	20040706	5048	0.1	LAKE	4	35.3161	-120.4969
3	SLU	20040706	5066	0.1	BOOSTER	4	35.375	-120.6381
3	SLU	20040706	5056	1	COTTONWOOD	4	35.7819	-120.2211
3	SLU	20040707	5091	3	CAMATTI	9	35.4481	-120.3289
3	SLU	20040707	5081	0.1	HWY 101	9	35.4331	-120.7269
3	SLU	20040707	5070	2	MESA IC	5	35.015	-120.5519
3	SLU	20040710	5173	50	YOSEMITE	9	35.565	-120.4539
3	SLU	20040710	5168	5	LA PANZA	9	35.5061	-120.4889
3	SLU	20040712	5232	1	TASSAJARA	4	35.3611	-120.6381
3	SLU	20040713	5246	0.1	TREE FIRE	4	35.0011	-120.4989
3	SLU	20040714	5299	0.2	ORCHARD	4	35.0311	-120.4811
3	SLU	20040717	5389	4.3	ALMOND	9	35.55	-120.6319
3	SLU	20040718	5427	6	NACIMIENTO	5	35.755	-120.8811
3	SLU	20040718	5436	0.1	SB 101	4	35.1411	-120.6231
3	SLU	20040720	5491	2	BITTERWATER	9	35.6511	-120.2561
3	SLU	20040720	5506	0.6	JUDKINS	9	35.1689	-120.5319
3	SLU	20040720	5499	0.1	JARDINE	4	35.6811	-120.5961
3	SLU	20040723	5579	0.2	46	9	35.54	-120.8639
3	SLU	20040727	5688	0.3	CASLU 005688	3	35.6381	-120.7211
3	SLU	20040727	5685	0.5	MCMILLAN	4	35.6661	-120.435
3	SLU	20040728	5706	0.1	ROCKY	4	35.4769	-120.6139
3	SLU	20040730	5774	75	MCMILLAN	4	35.71	-120.4
3	SLU	20040731	5825	1	CLEMENCE	4	35.5731	-121.0961
3	SLU	20040801	5856	0.1	CASLU 005856	4	35.3311	-120.6219
3	SLU	20040801	5849	1	CROSS	9	35.755	-120.685
3	SLU	20040803	5926	1	REST	4	35.6661	-120.435
3	SLU	20040803	5921	0.1	LINNE	4	35.5931	-120.5969
3	SLU	20040805	5983	1	RIVER	4	35.74	-120.685
3	SLU	20040808	6077	0.1	SUEY IC	4	35.0139	-120.3569
3	SLU	20040808	6067	1	CAMPER	9	35.7611	-121.3211
3	SLU	20040809	6109	0.1	166IC	4	35.0281	-120.2689
3	SLU	20040809	6098	0.4	SLU-6098	4	35.36	-120.5319
3	SLU	20040810	6124	0.1	GRADE	9	35.3019	-120.64
3	SLU	20040811	6163	9	ADELAIDA	4	35.6539	-120.7919
3	SLU	20040813	6227	2	GREEN	4	35.5439	-121.0589
3	SLU	20040814	6260	5	OAK	4	35.4039	-120.6211
3	SLU	20040818	6372	2	MONTEREY	4	35.7111	-120.685
3	SLU	20040820	6433	2	ANELOPE	9	35.7389	-120.22
3	SLU	20040824	6546	1	ESTRELLA	4	35.6961	-120.5781
3	SLU	20040824	6534	0.1	TOWER	4	35.6811	-120.6489
3	SLU	20040825	6555	0.5	ROAD	4	35.6231	-120.3281
3	SLU	20040828	6648	15	VINEYARD	4	35.5961	-120.8289
3	SLU	20040829	6698	0.1	101	4	35.2139	-120.6931
3	SLU	20040831	6735	0.1	BETHEL	7	35.755	-120.6131
3	SLU	20040902	6804	1	MONTERY	4	35.6239	-120.7039
3	SLU	20040902	6811	0.1	OLIVERA	4	35.0489	-120.5689
3	SLU	20040902	6801	0.1	COORN	4	35.565	-120.6489
3	SLU	20040902	6812	1	WELLSONA	4	35.6239	-120.7039
3	SLU	20040902	6815	0.1	TEMPELTON ROAD	9	35.5639	-120.3461
3	SLU	20040902	6802	0.1	EL POMAR	9	35.5639	-120.615
3	SLU	20040902	6790	7	CANYON	4	35.625	-120.7931
3	SLU	20040903	2927	0.1	SPOT	9	35.535	-120.5611
3	SLU	20040905	6907	0.2	GREAT FALLS	4	35.3	-120.0139
3	SLU	20040905	6906	1	ESTRELLA	4	35.6669	-120.5969
3	SLU	20040906	6939	1	NACIMIENTO	4	35.755	-120.8811
3	SLU	20040906	6949	0.1	LOCAL	3	35.17	-120.6911
3	SLU	20040906	6944	1	101	4	35.58	-120.685
3	SLU	20040908	7025	0.1	NACIMIENTO	4	35.77	-120.8811
3	SLU	20040908	7019	0.4	EWING	4	35.0769	-120.515
3	SLU	20040909	7045	0.1	JUNIPER	5	35.7439	-121.3081
3	SLU	20040909	7030	0.1	HIGHWAY	9	35.4331	-120.7269
3	SLU	20040909	7038	0.3	EUREKA	4	35.5939	-120.6319
3	SLU	20040910	7066	0.1	RANCH	9	35.375	-120.6031
3	SLU	20040911	7115	3	SLOW	9	35.7819	-120.2031
3	SLU	20040912	7134	1	CAMPER2	5	35.7581	-121.2211
3	SLU	20040913	7166	0.1	SLU-7166	3	35.2581	-120.6231
3	SLU	20040918	7194	1	EXLINE	9	35.7839	-120.7031
3	SLU	20040921	7375	2	OAK PARK	4	35.1411	-120.6039
3	SLU	20040923	3625	0.1	SANTE FE	9	35.2581	-120.64
3	SLU	20040924	7467	0.1	RIVER BOTTOM	4	34.9881	-120.4269
3	SLU	20040924	7468	3	CREEK	4	35.4539	-120.8989
3	SLU	20040925	7497	2	VISTA	4	35.6969	-120.7389
3	SLU	20041001	7640	1	SAN MARCOS	9	35.7261	-120.7031
3	SLU	20041006	7765	0.8	WINEMAN	4	35	-120.4631
3	SLU	20041006	7775	2	BUCKLEY	4	35.2289	-120.6581
3	SLU	20041007	7799	8	HWY46 ANTELOPE GRAD	4	35.7389	-120.2031
3	SLU	20041012	7936	0.2	TASSAJERA	4	35.375	-120.6381
3	SLU	20041013	7958	2	EL CAMPO	9	35.1131	-120.5681
3	SLU	20041014	7994	0.1	VINEYARD	9	35.5369	-120.7039
3	SLU	20041014	7992	13	SANTA BARBARA	9	35.4619	-120.6481
3	SLU	20041030	8469	0.1	ADELAIDA	9	35.6539	-120.7919
3	SLU	20041103	8576	0.1	PENMAN	4	35.6231	-120.6139
3	SLU	20041121	9056	0.1	SLU09056	4	35.0881	-120.5861
3	SLU	20041129	9252	0.1	EL CAMINO	9	35.4189	-120.6211
3	SLU	20041221	9856	0.1	MESA FIRE	9	35.0319	-120.5519
3	SLU	20041224	9955	0.1	PACIFIC PINE	4	35.1689	-120.5861
3	SLU	20050316	2128	0.5	DIABLO	9	35.215	-120.8511
3	SLU	20050414	2844	0.1	N. THOMPSON	7	35.0769	-120.515
3	SLU	20050416	2925	0.1	RALPHS	9	35.3161	-120.8339
3	SLU	20050416	2914	0.1	SHANDON	4	35.6519	-120.3639
3	SLU	20050418	2969	0.2	HILLVIEW	7	35.0489	-120.5689
3	SLU	20050420	3040	0.3	HUASNA	7	35.1419	-120.5139
3	SLU	20050422	3086	0.1	SAN JUAN	4	35.6519	-120.3639
3	SLU	20050428	3250	0.1	O'DONOVAN	1	35.4911	-120.4361
3	SLU	20050511	3561	0.1	JOSHUA	4	35.0139	-120.4439
3	SLU	20050513	2531	0.1	MESA VIEW	9	35.0631	-120.5511
3	SLU	20050514	3649	1	HWY 46	9	35.6661	-120.4181
3	SLU	20050514	3656	19.5	LAKE	4	35.755	-120.8811
3	SLU	20050520	3828	0.1	ANTELOPE	4	35.7239	-120.2381
3	SLU	20050523	3920	0.1	NOYES	4	35.1689	-120.5861
3	SLU	20050527	4024	0.3	LAPANZA	4	35.3889	-120.1931
3	SLU	20050527	4035	3	SUMMER	6	35.5789	-120.5611
3	SLU	20050529	4141	0.1	THISTLE	4	35.5931	-120.5611
3	SLU	20050530	4153	0.1	NOYES	9	35.1689	-120.5861
3	SLU	20050530	4167	0.3	CALF	4	35.4181	-120.48
3	SLU	20050530	4182	0.2	CAMP	9	35.5639	-120.5611
3	SLU	20050601	4242	0.1	CENTRE	9	35.6519	-120.3639
3	SLU	20050602	4276	0.1	DIVIDER FIRE	4	35.1411	-120.6039
3	SLU	20050603	4301	5	BUENA	4	35.6519	-120.6669
3	SLU	20050604	4322	0.1	HWY 41 ROADSIDE	9	35.405	-120.8169
3	SLU	20050605	4376	0.3	GENESEO	3	35.6519	-120.5789
3	SLU	20050606	4404	0.1	CASLU-004404	4	35.1411	-120.5861
3	SLU	20050606	4407	0.1	CASLU-004407	4	35.155	-120.5861
3	SLU	20050608	4448	0.1	MCMILLIAN	4	35.6661	-120.4181
3	SLU	20050608	4461	0.1	RIVER	4	35.5939	-120.685
3	SLU	20050608	4462	3	CHAPPARELL	4	35.5931	-120.5969
3	SLU	20050609	4490	0.1	101	4	35	-120.4269
3	SLU	20050611	4559	1	LOS BERROS	9	35.0769	-120.515
3	SLU	20050616	4713	2	HAWK	9	35.725	-120.56
3	SLU	20050618	4759	0.1	STAR	4	35.4481	-120.4711
3	SLU	20050619	4816	1	CHOLAME	9	35.7819	-120.2031
3	SLU	20050619	4818	1	CASLU4818	9	35.1119	-120.4611
3	SLU	20050621	4867	33	ARROW IC	4	35.3	-119.8719
3	SLU	20050622	4915	8	PARKHILL	4	35.37	-120.39
3	SLU	20050622	4904	0.1	RAGGED PT.	9	35.7439	-121.3081
3	SLU	20050622	4923	3	MARCOS	9	35.6381	-120.7031
3	SLU	20050622	4889	1	BURN BARREL	7	35.6669	-120.6669
3	SLU	20050623	4951	0.3	O'DONOVAN	4	35.4481	-120.4889
3	SLU	20050625	5025	0.3	LA PANZA	4	35.3889	-120.1739
3	SLU	20050625	5023	1	HOLLOW	9	35.5931	-120.5789
3	SLU	20050630	5195	15	ALMOND	4	35.5211	-120.5611
3	SLU	20050630	5198	0.5	HIGHWAY	4	35.0311	-120.4811
3	SLU	20050702	5266	0.8	HIGHWAY 1	6	35.0489	-120.5339
3	SLU	20050702	5260	0.2	MESA VIEW	9	35.0769	-120.5861
3	SLU	20050703	5299	1	CRESTON	9	35.5789	-120.5789
3	SLU	20050703	5282	0.1	HWY46E	4	35.7239	-120.2919
3	SLU	20050703	5305	0.1	BADGER	9	35.1411	-120.5681
3	SLU	20050704	5444	0.1	HINDS IC	8	35.1411	-120.6231
3	SLU	20050704	5412	0.5	GERONIMO	9	35.4561	-120.9169
3	SLU	20050704	5342	0.5	GRADE	9	35.3461	-120.6389
3	SLU	20050705	5487	1	RIVER	4	35.4769	-120.6319
3	SLU	20050705	5474	0.1	MESA	6	35.0769	-120.5861
3	SLU	20050708	5576	0.2	OAK	8	35.155	-120.55
3	SLU	20050708	5582	0.1	RIVER IC	9	35.5511	-120.7039
3	SLU	20050709	5620	5	CHOLAME	4	35.7389	-120.2381
3	SLU	20050709	5619	0.1	SERPA	4	35.2289	-120.64
3	SLU	20050710	5635	0.1	SOUTHLAND	4	35.0311	-120.4811
3	SLU	20050711	5668	1	LOS BERROS	4	35.0981	-120.5319
3	SLU	20050712	5711	1	LOS BERROS	4	35.0769	-120.5331
3	SLU	20050713	5738	9	SPANISH	4	35.375	-120.6381
3	SLU	20050715	5805	0.1	LOPEZ	5	35.1981	-120.48
3	SLU	20050715	5806	10.5	SLU229	6	35.3739	-120.515
3	SLU	20050715	5802	14	SLU228	6	35.345	-120.515
3	SLU	20050715	5833	0.1	SCENIC VIEW	9	35.015	-120.5169
3	SLU	20050715	5793	0.5	SANTA BARBARA	4	35.4189	-120.6211
3	SLU	20050716	5852	1	MARGARITA	4	35.4331	-120.6389
3	SLU	20050716	5876	0.5	ESTRELLA IC	4	35.6961	-120.6139
3	SLU	20050717	5909	0.1	HEALEY	5	35.7439	-121.2731
3	SLU	20050717	5915	0.1	CUESTA	4	35.3611	-120.6381
3	SLU	20050719	5973	0.8	LOS BERROS	4	35.0769	-120.5331
3	SLU	20050719	5967	3	RIVER	4	35.7111	-120.685
3	SLU	20050720	6005	0.3	GALAXY	8	35.015	-120.4989
3	SLU	20050721	6038	1	SEQUOIA	4	35.2581	-120.6231
3	SLU	20050722	6071	0.1	JACK	4	35.5669	-120.775
3	SLU	20050722	6067	0.3	RED	9	35.5789	-120.5611
3	SLU	20050723	6113	230	CRESTON OR ODONAVONH	4	35.535	-120.5611
3	SLU	20050724	6145	0.1	DAVIS	9	35.7681	-120.2919
3	SLU	20050724	6143	0.1	SOUTH BAY BLVD	9	35.3311	-120.8169
3	SLU	20050724	6114	23.6	DONOVAN	4	35.535	-120.525
3	SLU	20050725	6184	0.5	MUSTARD	4	35.6819	-120.7211
3	SLU	20050726	6213	0.1	WAITERS	4	35.4481	-120.6319
3	SLU	20050726	6217	0.3	ANTELOPE	4	35.7389	-120.2031
3	SLU	20050726	6228	1	RIVER	9	35.6961	-120.685
3	SLU	20050728	6302	0.1	CHIMNEY	4	35.6831	-120.7919
3	SLU	20050729	6328	0.1	HARBOR VIEW FIRE	9	35.0981	-120.6039
3	SLU	20050730	6352	0.3	HOMESTEAD	4	35.5061	-120.6481
3	SLU	20050730	6365	0.3	LAMP LIGHTER	4	35.5639	-120.5069
3	SLU	20050731	6411	0.1	REST	4	35.6811	-120.3461
3	SLU	20050801	6425	0.3	POZO	9	35.2969	-120.3889
3	SLU	20050801	6442	0.5	MISSION	4	35.74	-120.7031
3	SLU	20050801	6452	17.5	SAN JUAN	4	35.6231	-120.3461
3	SLU	20050802	6490	64	COTTONWOOD	4	35.7819	-120.2211
3	SLU	20050802	6472	2	POZO	4	35.6361	-120.2211
3	SLU	20050802	6550	0.4	POMAR	4	35.6519	-120.5789
3	SLU	20050802	4585	4	POLY	4	35.3161	-120.6581
3	SLU	20050803	6517	6	BISHOP	4	35.3161	-120.6939
3	SLU	20050804	6551	2	CRESTON	4	35.55	-120.525
3	SLU	20050805	6590	45	BLUE	4	35.4331	-120.48
3	SLU	20050806	6642	0.1	BUCKLEY	9	35.2289	-120.64
3	SLU	20050806	6634	2	MCMILLAN	9	35.6661	-120.4181
3	SLU	20050806	6626	0.1	HEARST	9	35.5881	-121.1139
3	SLU	20050810	6772	0.8	SANTA ROSA	6	35.5731	-120.935
3	SLU	20050810	6758	1	SHOOTING	4	35.3461	-120.7639
3	SLU	20050811	6803	0.1	LA PANZA	4	35.5211	-120.4889
3	SLU	20050811	6805	0.5	SANTA CLARA	4	35.4331	-120.6031
3	SLU	20050812	6820	1	SANTA ROSA	4	35.5669	-120.8111
3	SLU	20050812	6826	0.1	HIGHWAY	9	35.7111	-120.6311
3	SLU	20050813	6866	3	HAWK	9	35.6519	-120.5611
3	SLU	20050813	6863	2	CREEK	9	35.5789	-120.5611
3	SLU	20050819	7017	38	GILARDI	4	35.3461	-120.7639
3	SLU	20050821	7071	0.1	CARPOFORO	5	35.7581	-121.3081
3	SLU	20050822	7122	0.1	LA PANZA	4	35.5211	-120.4889
3	SLU	20050823	7153	0.3	CHOLAME	4	35.6811	-120.3461
3	SLU	20050825	7221	12	HOMESTEAD	9	35.5211	-120.6319
3	SLU	20050825	7202	1	SAN MIGUEL	9	35.755	-120.7031
3	SLU	20050825	7232	0.1	HWY 101	9	35.2139	-120.6931
3	SLU	20050825	7213	28	COTTON C	4	35.7819	-120.2031
3	SLU	20050825	7223	0.1	PRICE	9	35.1981	-120.6231
3	SLU	20050825	7227	0.1	HIGHWAY	4	35.0311	-120.4811
3	SLU	20050826	7259	0.1	PINE	5	35.755	-120.8989
3	SLU	20050826	7254	0.1	EL POMAR	4	35.5639	-120.5969
3	SLU	20050828	7318	9	AIRPORT	4	35.7111	-120.6489
3	SLU	20050828	7306	1	RIVER	9	35.74	-120.6489
3	SLU	20050829	7338	0.1	CHERRY	4	35.1839	-120.7461
3	SLU	20050829	7355	0.1	TIFFANY	9	35.1839	-120.5681
3	SLU	20050829	7350	1	SUEY	9	35	-120.4089
3	SLU	20050829	7347	0.1	GENESEO	9	35.6519	-120.5611
3	SLU	20050830	7362	0.1	HWY 166	4	35.0139	-120.3569
3	SLU	20050831	7400	0.3	VARIAN	9	35.1839	-120.5681
3	SLU	20050831	7403	0.2	CAMINO	4	35.4039	-120.6031
3	SLU	20050902	7452	2	ESTRELLA	4	35.6961	-120.5781
3	SLU	20050904	7532	2	SETTLER	4	35.7111	-120.7211
3	SLU	20050904	7528	0.1	PAWS	9	35.55	-120.615
3	SLU	20050904	7520	3	POCO	4	35.5061	-120.5961
3	SLU	20050905	7583	0.5	WELLSONA	9	35.6961	-120.7031
3	SLU	20050906	7593	10	LOPEZ	4	35.2569	-120.5331
3	SLU	20050908	7665	0.1	PILITAS	9	35.36	-120.5319
3	SLU	20050911	7747	0.5	WELLSONA	4	35.6811	-120.6669
3	SLU	20050915	7858	0.1	HWY 101	9	35.595	-120.7039
3	SLU	20050916	7891	1	WELLSONA	4	35.6819	-120.7031
3	SLU	20050918	7966	0.1	BURTON	4	35.5589	-121.0961
3	SLU	20050919	8004	0.1	ODONOVAN	4	35.4481	-120.4889
3	SLU	20050919	7993	2	ESTRELLA	9	35.6961	-120.5961
3	SLU	20050922	8086	0.1	SLU-8086	4	35.3311	-120.7111
3	SLU	20050923	8109	0.4	DE SALBA	4	35.3	-119.9789
3	SLU	20050925	8151	3	ROCKY	4	35.4769	-120.6319
3	SLU	20050925	8208	1	COOPER	1	35.3439	-120.0681
3	SLU	20050925	8206	0.1	SLU 8206	9	35.2139	-120.6931
3	SLU	20050926	8224	3	TEMPLETON	4	35.5511	-120.7039
3	SLU	20050929	8317	0.1	URANUS	4	35.015	-120.4989
3	SLU	20050929	8321	6	MICHAEL	4	35.0769	-120.5511
3	SLU	20050930	8352	1	EUREKA	7	35.5361	-120.6861
3	SLU	20051001	8367	0.1	WINEMAN	9	35	-120.4439
3	SLU	20051002	8420	0.1	CRESTON	4	35.5639	-120.615
3	SLU	20051003	8440	0.5	MCMILLIAN	4	35.6519	-120.4
3	SLU	20051003	8439	0.1	HWY46W	9	35.7119	-120.9169
3	SLU	20051005	8520	0.1	BAY	4	35.1411	-120.6231
3	SLU	20051005	8509	2	CARPENTER	4	35.1411	-120.5681
3	SLU	20051005	8506	1	HWY 101	3	35.2139	-120.6931
3	SLU	20051005	8500	1	BONITA	7	35.0011	-120.5169
3	SLU	20051006	8535	0.1	1465	9	35.3011	-120.6761
3	SLU	20051006	8542	3	LUPINE	9	35.565	-120.6669
3	SLU	20051006	8546	0.1	THE "Y"	4	35.695	-120.3281
3	SLU	20051006	8544	0.1	SAN JUAN	4	35.6519	-120.3639
3	SLU	20051006	8540	11	REST STOP	4	35.6811	-120.3461
3	SLU	20051007	8583	0.3	SCHOOLHOUSE	9	35.5581	-121.0781
3	SLU	20051011	8699	0.1	FOOTHILL	4	35.2869	-120.6939
3	SLU	20051012	8755	0.1	EARTHSTAR	9	35.3411	-120.39
3	SLU	20051012	8742	1	APALOOSA	4	35.0769	-120.5861
3	SLU	20051013	8774	13	GILARDI	4	35.3461	-120.7461
3	SLU	20051016	8869	0.1	LOPEZ	9	35.1981	-120.4619
3	SLU	20051016	8859	0.1	TIENDA	9	35.0631	-120.5869
3	SLU	20051016	8866	0.1	CAMINO	4	35.0489	-120.5339
3	SLU	20051017	8892	0.5	LADERA	6	35.6089	-120.6669
3	SLU	20051018	8918	0.1	MCMILLIAN SPOT	4	35.6661	-120.31
3	SLU	20051021	9004	0.1	TEFFT	8	35.0311	-120.4989
3	SLU	20051028	9199	0.1	ORMONDE	9	35.0981	-120.6219
3	SLU	20051031	9297	11.6	BISHOP FIRE	4	35.3011	-120.6939
3	SLU	20051105	9431	0.2	CORBETT	4	35.1411	-120.5681
3	SLU	20051106	9455	0.1	BEAR	9	35.3	-119.9069
3	SLU	20051111	9605	0.1	SLU-9605	4	35.3161	-120.6939
3	SLU	20051113	9652	0.1	9TH	9	35.3161	-120.8339
3	SLU	20051114	9690	2	RIVER	4	35.7689	-120.685
3	SLU	20051125	10050	0.1	RANCHO	4	35.39	-120.8181
3	SLU	20051126	10081	0.1	EDNA	4	35.2289	-120.7281
3	SLU	20051127	10103	2	CUESTA	4	35.3311	-120.605
3	SLU	20051127	10092	0.1	EDNA	9	35.4911	-120.525
3	SLU	20051128	10123	1	RYAN	7	35.5211	-120.4539
3	SLU	20051205	10352	0.1	CARPENTER	9	35.1689	-120.5861
3	SLU	20051207	10409	0.1	HWY	4	35.1131	-120.5681
3	SLU	20051213	10586	0.1	HIGUERA	9	35.2289	-120.6761
3	SLU	20051213	10583	1	DEER	4	35.6811	-120.5961
3	SLU	20051215	10638	1	DOVER CYN	4	35.5869	-120.935
3	SLU	20051216	10670	0.1	POINT	5	35.7581	-121.3081
3	SLU	20051225	10925	0.1	40 FIRE	5	35.3161	-120.8169
3	SLU	20060123	669	0.1	ESTRELLA	3	35.6519	-120.4889
3	SLU	20060207	107	0.1		9	35.3461	-120.6289
3	SLU	20060220	1441	0.1	101	9	35	-120.4439
3	SLU	20060223	1513	0.3	GILARDI	9	35.3461	-120.7639
3	SLU	20060424	3137	0.1	HANSEN LANE	7	35.2581	-120.6231
3	SLU	20060507	3486	0.1	101	9	35.7261	-120.7031
3	SLU	20060512	3609	0.1	CHOLAME	4	35.7389	-120.22
3	SLU	20060519	3796	0.5	CREEK	4	35.535	-120.5611
3	SLU	20060522	3899	208	SIMMLER	4	35.3731	-120.0139
3	SLU	20060522	389	208		4	34.9939	-119.4881
3	SLU	20060527	4045	9	NIDERER	7	35.5519	-120.7931
3	SLU	20060528	4093	0.1	CUESTA	4	35.3461	-120.6389
3	SLU	20060529	65	1		9	35.0761	-120.5219
3	SLU	20060529	4126	0.1	CUESTA	9	35.3461	-120.6389
3	SLU	20060529	412	0.1		9	35.3461	-120.6289
3	SLU	20060530	4142	0.1	CENTER IC	9	35.0911	-117.3581
3	SLU	20060531	4169	0.1	101	9	35.0311	-120.4811
3	SLU	20060531	416	0.1		9	35.4269	-120.6331
3	SLU	20060602	4213	0.1	ORCUTT RD / FRONTAGE	7	35.0311	-120.4811
3	SLU	20060602	4215	1	HWY 101	4	35.1989	-120.6931
3	SLU	20060602	421	0.1		8	35.0461	-120.4931
3	SLU	20060603	4246	0.2	MAXWELL	4	35.0319	-120.5161
3	SLU	20060603	4247	0.1	HOMESTEAAD	4	36.3939	-119.9861
3	SLU	20060603	101	0.1		9	35.515	-120.6411
3	SLU	20060604	427	0.1		9	35.5831	-120.8069
3	SLU	20060604	4275	0.1	VINEYARD	9	35.4619	-120.7581
3	SLU	20060606	4340	21	RANCHITA	4	35.74	-120.5961
3	SLU	20060607	436	0.1		8	35.3511	-120
3	SLU	20060607	4361	0.2	CARRIZO	4	35.3589	-120.05
3	SLU	20060607	4369	0.1	OLIVOS	9	35.3161	-120.8339
3	SLU	20060609	4427	73	BARBA	4	35.6661	-120.3639
3	SLU	20060610	4454	0.1	FRITCH	7	35.3889	-120.515
3	SLU	20060610	4462	0.1	O'CONNER	4	35.3311	-120.6389
3	SLU	20060612	4499	5	CRIPPLE	7	35.55	-120.5431
3	SLU	20060613	4533	1	SHADOW	4	35.5531	-120.8289
3	SLU	20060614	4560	0.3	LOPEZ	4	35.1839	-120.5861
3	SLU	20060617	4649	0.5	WHITLEY	9	35.6519	-120.5069
3	SLU	20060617	5683	1	GRANDE	4	35.0311	-120.4811
3	SLU	20060618	4681	0.1	MARCOS	9	35.6831	-120.7569
3	SLU	20060619	4707	0.1	CARRISA	4	35.3739	-120.0861
3	SLU	20060622	4782	2	CRESTON	4	35.5939	-120.6489
3	SLU	20060622	4789	8	COYOTE	4	35.4481	-120.4889
3	SLU	20060622	116	0.1		9	35.5931	-120.6489
3	SLU	20060623	4818	1	KILER	4	35.6089	-120.685
3	SLU	20060624	485	0.1		9	35.275	-120.645
3	SLU	20060625	4880	1.5	MADONNA	4	35.2869	-120.7111
3	SLU	20060629	5005	2	EL POMAR	4	35.5211	-120.6661
3	SLU	20060629	5006	0.5	KILER	4	35.6081	-120.6319
3	SLU	20060630	5030	1	WELLSONA	4	36.1169	-120.6811
3	SLU	20060630	5040	0.1	WILLOW	4	35.0489	-120.5339
3	SLU	20060630	509	0.1		9	35.0011	-120.3919
3	SLU	20060701	508	0.1		9	35.5131	-120.7
3	SLU	20060701	5076	0.8	BARNES	4	35.7261	-120.7031
3	SLU	20060701	5068	8	POLY	4	35.3011	-120.6581
3	SLU	20060701	5072	0.1	HOMESTEAD	4	35.5211	-120.6319
3	SLU	20060702	5106	0.1	HIGHWAY	9	35.4031	-120.5319
3	SLU	20060702	510	0.1		9	35.3461	-120.6289
3	SLU	20060702	5107	0.1	HOMESTEAD	9	35.5211	-120.6481
3	SLU	20060702	5111	0.5	JACK	4	35.5519	-120.775
3	SLU	20060703	5232	2	ASSIST #32	9	35.0561	-119.9719
3	SLU	20060704	5253	0.1	TEMPLETON	9	35.5061	-120.6319
3	SLU	20060704	127	0.1		9	35.7089	-120.695
3	SLU	20060704	5181	0.3	AKRON	4	35.535	-120.6319
3	SLU	20060705	5281	0.1	HWY 101 FIRE	9	35.1131	-120.5681
3	SLU	20060705	5282	0.3	BENNIT FIRE	9	35.5511	-120.7039
3	SLU	20060705	5292	0.1	RABBIT	9	35.7111	-120.7031
3	SLU	20060705	5275	0.1	TOWER FIRE	9	35.0869	-120.5331
3	SLU	20060706	5319	2	RIVER	9	35.6961	-120.685
3	SLU	20060706	124	0.1		9	35.4269	-120.6331
3	SLU	20060707	5347	58	PARISH	4	35.535	-120.5069
3	SLU	20060707	5349	0.1	ROADSIDE SPOT	9	35.6669	-120.5969
3	SLU	20060708	5367	5	UNION	4	35.6519	-120.5789
3	SLU	20060708	129	0.1		9	35.6381	-120.5731
3	SLU	20060709	5407	0.1	LOS OSOS VALLEY ROAD	4	35.2869	-120.7461
3	SLU	20060710	5441	0.1	2ND ST	3	35.6519	-120.3639
3	SLU	20060710	544	0.1		3	35.6539	-120.3761
3	SLU	20060710	5446	294	BITTER	9	35.52	-120.0781
3	SLU	20060711	5459	0.5	LUPINE	4	35.5361	-120.6661
3	SLU	20060712	5552	0.1	101	4	35.0489	-120.5869
3	SLU	20060713	5528	0.5	BENNETT	4	35.5511	-120.7219
3	SLU	20060714	554	0.1		8	35.1989	-120.7011
3	SLU	20060714	5544	0.3	BASSI	4	35.1989	-120.71
3	SLU	20060714	134	0.1		9	35.7089	-120.695
3	SLU	20060715	5588	9	KINGSBURY	4	35.4919	-120.5961
3	SLU	20060716	5633	0.3	CASLU 005633	4	36.8011	-120.1419
3	SLU	20060716	5638	0.3	MONTEREY RD.	4	35.6669	-120.7031
3	SLU	20060717	5674	1	TABLAS	9	35.5511	-120.7039
3	SLU	20060719	573	2		4	35.1981	-120.6111
3	SLU	20060719	5730	2	PRICE	4	35.1981	-120.6231
3	SLU	20060719	5751	0.1	GRANDE	7	35.0311	-120.4811
3	SLU	20060721	5879	0.3	STOCKDALE	4	35.6669	-120.7031
3	SLU	20060721	138	0.1		9	35.665	-120.7069
3	SLU	20060721	5906	0.1	Y	4	35.7681	-120.2381
3	SLU	20060722	583	0.1		8	35.0261	-120.47
3	SLU	20060722	5838	0.1	OAKGLEN	9	35.0311	-120.4811
3	SLU	20060722	5840	0.1	HWY41 E/LUCY BROWN	4	35.6811	-120.3461
3	SLU	20060723	5905	0.1	CUYUMA	9	34.9489	-119.6831
3	SLU	20060723	575	1		9	35.0019	-120.3611
3	SLU	20060723	5888	1	JOHN	4	35.5211	-120.6481
3	SLU	20060723	5902	660	"Y"	4	35.7239	-120.2919
3	SLU	20060723	5890	0.3	HWY41E	4	35.55	-120.4719
3	SLU	20060723	5886	2	DRY CREEK	4	35.6669	-120.6139
3	SLU	20060725	5962	5	CAMP IC	4	35.5639	-120.5069
3	SLU	20060726	6008	0.1	POMEROY	4	35.0631	-120.5511
3	SLU	20060727	5892	8	HOG	4	35.7239	-120.4181
3	SLU	20060727	6014	4	CAMP	9	35.5769	-120.0769
3	SLU	20060729	6088	0.2	N RIVER RD.	4	35.6811	-120.685
3	SLU	20060731	6143	6	GENESEO	9	35.6381	-120.5611
3	SLU	20060801	6169	400	ANTELOPE	9	35.7389	-120.2381
3	SLU	20060801	6010	0.1	ANTELOPE	9	35.7389	-120.2381
3	SLU	20060803	6226	0.1	CERRO ALTO	4	35.4189	-120.8
3	SLU	20060803	151	0.1		9	35.6381	-120.5681
3	SLU	20060803	6229	0.3	UNION	9	35.6381	-120.5611
3	SLU	20060805	6243	0.1	COTTONWOOD PASS	9	35.7819	-120.2031
3	SLU	20060805	6279	4	CLARK	9	35.6519	-120.3819
3	SLU	20060806	6318	114	SODA	4	35.3439	-119.9961
3	SLU	20060808	6384	2	MONTE	9	35.4919	-120.74
3	SLU	20060808	6376	0.1	BUCKLEY	9	35.2289	-120.6581
3	SLU	20060808	147	0.1		9	35.48	-120.75
3	SLU	20060809	6504	5	CAMP	4	35.3311	-120.7281
3	SLU	20060809	6401	0.1	EL CAMPO	4	35.1131	-120.5681
3	SLU	20060810	6434	0.1	RANCHITA	9	35.7539	-120.5961
3	SLU	20060810	6432	221	YOSEMITE	4	35.5639	-120.4719
3	SLU	20060811	158	0.1		9	35.6061	-120.5931
3	SLU	20060811	6465	0.1	LINNE	4	35.6081	-120.5789
3	SLU	20060811	6458	0.2	STOLO	4	35.5731	-121.06
3	SLU	20060811	6468	0.4	SAN MARCOS	9	35.7261	-120.7031
3	SLU	20060811	6460	0.2	SAN MARCOS	9	35.7261	-120.7031
3	SLU	20060812	6497	8	CUESTA	4	35.2719	-120.64
3	SLU	20060812	649	0.1		9	35.3461	-120.6289
3	SLU	20060812	93	0.1		9	35.1069	-120.6261
3	SLU	20060813	6524	5	PRANCING DEER	4	35.6381	-120.5431
3	SLU	20060813	6516	1	CAPITAL	9	35.6231	-120.685
3	SLU	20060814	6542	0.1	CRESTON	4	35.5789	-120.6139
3	SLU	20060814	6550	7	LAKE	4	35.3739	-120.1389
3	SLU	20060814	6552	20	DELTA	4	35.3161	-120.6939
3	SLU	20060815	6573	1	SANTA	4	35.1419	-120.4969
3	SLU	20060815	6587	0.1	SLU6587	9	40.1089	-121.26
3	SLU	20060815	94	0.1		9	35.1481	-120.5111
3	SLU	20060816	6618	0.1	KNOTTS FIRE	9	35.0331	-115.4911
3	SLU	20060816	6609	0.1	SHANDON	9	35.7539	-120.2561
3	SLU	20060820	6725	0.5	TEMPLETON	4	35.5369	-120.7039
3	SLU	20060820	672	0.1		6	35.4939	-120.6461
3	SLU	20060821	165	0.1		9	35.5481	-120.5611
3	SLU	20060821	6760	0.2	EL POLMAR	9	35.5789	-120.6139
3	SLU	20060822	6768	0.1	GODFREY	9	35.7119	-120.8281
3	SLU	20060823	6793	0.1	AVILA	4	35.1839	-120.7281
3	SLU	20060823	6790	2	ALMOND	4	40.1689	-120.56
3	SLU	20060823	6780	1	CRANDEL	4	35.285	-119.74
3	SLU	20060824	6806	0.3	SMITH	4	35.6839	-120.8819
3	SLU	20060824	6802	12	RANCHITA	9	35.755	-120.6131
3	SLU	20060825	6824	22	JENSEN	4	35.5961	-120.8289
3	SLU	20060825	6831	0.1	BERROS	9	35.0769	-120.515
3	SLU	20060826	6866	0.1	TASSAJARA	9	35.375	-120.6381
3	SLU	20060826	686	0.1		9	35.3461	-120.6289
3	SLU	20060826	6855	9	RANCH	4	35.565	-120.6489
3	SLU	20060830	6966	0.5	SUMMIT	4	35.5061	-120.5961
3	SLU	20060830	6959	3	SLU6959	4	35.4531	-120.8111
3	SLU	20060901	7035	0.5	CAMP ROBERTS	4	35.7839	-120.7389
3	SLU	20060901	7013	0.5	THE Y	4	35.7389	-120.2739
3	SLU	20060901	7038	1	RIVER GROVE DR	9	35.6519	-120.5069
3	SLU	20060901	7040	7	ANTELOPE	9	35.7239	-120.2031
3	SLU	20060902	7055	0.2	COTTONWOOD PASS	4	35.7819	-120.2031
3	SLU	20060904	7136	0.1	CUESTA	9	35.3019	-120.6219
3	SLU	20060904	7121	0.1	TEFFT	4	35.0481	-120.4981
3	SLU	20060905	7152	5.7	HOG	9	35.6961	-120.5961
3	SLU	20060905	7150	0.2	BRANCH	4	35.6381	-120.5969
3	SLU	20060906	7170	0.1	HOG CYN	9	35.71	-120.5961
3	SLU	20060908	7236	6	TEMPLETON	9	35.5369	-120.7039
3	SLU	20060908	7238	5	CRESTON	4	35.5939	-120.6319
3	SLU	20060909	7281	0.3	TEFFT	9	35.0311	-120.4811
3	SLU	20060909	179	0.1		9	35.7089	-120.695
3	SLU	20060909	499	0.1		9	35.0531	-120.4989
3	SLU	20060909	7286	0.1	WELLSONA	9	35.6961	-120.7031
3	SLU	20060910	7283	0.5	RESEVOIR	9	35.3019	-120.6219
3	SLU	20060910	7313	0.1	SIMEON	4	35.6169	-121.1139
3	SLU	20060910	811	0.1		9	35.5969	-121.1219
3	SLU	20060911	7333	0.1	VINA	4	35.1839	-120.55
3	SLU	20060911	7341	0.1	STOP	9	35.6661	-120.4
3	SLU	20060911	7344	9	"Y"	9	35.7389	-120.2561
3	SLU	20060916	7454	0.1	ALBERT	4	34.9489	-120.5539
3	SLU	20060919	7541	0.1	EUREKA	4	35.5061	-120.6481
3	SLU	20060919	7535	7	FOX	4	35.3311	-120.7281
3	SLU	20060920	7567	0.1	CAMINO IC	9	35.0319	-120.5339
3	SLU	20060923	7637	0.1	820 JACANA	3	35.0631	-120.5689
3	SLU	20061006	7975	0.1	HWY 101  /W TEFFT ST 20	4	35.0369	-120.4839
3	SLU	20061011	8096	1	SODA LAKE RD / BELMONT  2	4	35.3081	-119.9869
3	SLU	20061013	8167	0.3	A-18 2	9	35.2269	-120.825
3	SLU	20061020	8353	0.1	TURRI IC/TAC2	9	35.3369	-120.8231
3	SLU	20061023	842	0.1		9	35.3419	-120.4961
3	SLU	20061023	8421	0.5	CARPENTER CANYON RD  S 15	9	35.1861	-120.6
3	SLU	20061023	8427	3	HWY 101  / EL CAMINO R 32	3	35.3831	-120.63
3	SLU	20061028	8545	1	VIDA IC C/L11 T/W2	4	35.1461	-120.5711
3	SLU	20061030	859	0.1		9	35.3831	-120.6281
3	SLU	20061030	8598	0.1	EL CAMINO REAL   SAN_L 46	9	35.43	-120.6089
3	SLU	20061030	8614	1	HARMONY IC C/L13 T/TAC3	9	35.5081	-121.0219
3	SLU	20061030	196	0.1		9	35.4431	-120.6311
3	SLU	20061103	8722	0.1	KILER CANYON RD /S VINE 2	4	35.6119	-120.6969
3	SLU	20061118	9126	1	HWY 46W  /N BETHEL RD 2	7	35.57	-120.7381
3	SLU	20061119	9166	1	GREEN IC T/T3	9	35.5439	-120.9631
3	SLU	20061122	905	0.1		9	35.03	-120.19
3	SLU	20061122	9220	1	RIVER IC C/L10 T/FS CREW	9	35.045	-120.1981
3	SLU	20061123	9244	0.1	ERHARDT IC C/L11 T/TAC2	9	35.155	-120.6069
3	SLU	20061123	72	0.1		9	35.1531	-120.6039
3	SLU	20061125	144	0.1		9	35.135	-120.5719
3	SLU	20061125	9299	2.5	PRINTZ IC C/L11 T/TAC2	7	35.1369	-120.5739
3	SLU	20061130	9412	3	FOX CANYON LN  SAN_LUIS 2	7	35.155	-120.5669
3	SLU	20061130	9411	3	BEE CANYON RD  SAN_LUIS 2	4	35.1589	-120.565
3	SLU	20061203	9488	1.5	CARISSA IC C/L12 T/TAC3	4	35.365	-120.0411
3	SLU	20061203	9483	1	2ND ST  LOS_OSOS_BAYWO 25	8	35.3281	-120.8411
3	SLU	20061204	9528	1	B-8 2	9	35.4269	-120.845
3	SLU	20061204	74	0.1		9	35.145	-120.5561
3	SLU	20061204	149	0.1		9	35.1369	-120.5631
3	SLU	20061204	9518	1	HWY 1  / GILARDI RD 4	7	35.345	-120.7669
3	SLU	20061206	9556	10	HIGHWAY	9	35.6189	-120.4
3	SLU	20061206	9578	1	EL POMAR DR / NEAL SPRI 3	4	35.5619	-120.6681
3	SLU	20061206	9562	10	HWY 41E  / CLARK RD 3	9	35.63	-120.4
3	SLU	20061207	9590	75	BITTER IC C/L12 T/TAC3	7	35.5819	-120.1331
3	SLU	20061208	9617	5	COYOTE IC C/L12 T/TAC3	7	35.4519	-120.485
3	SLU	20061215	9783	7	BERROS IC C/L11 T/TAC2 3	4	35.1019	-120.4839
3	SLU	20061215	155	0.1		9	35.0839	-120.43
3	SLU	20061221	9942	80	TRUESDALE RD / CLARK RD 2	9	35.63	-120.3819
3	SLU	20061226	10056	2	SYDNEY IC/ TAC 7	4	35.2739	-120.64
3	SLU	20061228	161	0.1		9	35.0769	-120.5231
3	SLU	20061228	10152	1	CARPENTER CANYON RD  S 18	7	35.1461	-120.5731
3	SLU	20061228	10137	0.3	HWY 101  / EL CAMPO RD 22	4	35.1069	-120.5069
3	SLU	20070101	15	2	SODA IC/ TAC 3	7	35.2931	-119.9689
3	SLU	20070105	109	0.3	STATION 63 PISMO_BEACH 2	9	35.1631	-120.685
3	SLU	20070106	125	0.1	CHAMISAL LN  SAN_LUIS_O 2	9	35.0869	-120.5761
3	SLU	20070113	293	1	HIGHLAND HILLS RD  SAN_ 2	7	35.0839	-120.4839
3	SLU	20070114	323	2	HIGUREA IC T/WT2	4	35.2189	-120.6939
3	SLU	20070114	338	332	DIABLO /T7 T8/COM4 T1	9	35.2889	-120.8761
3	SLU	20070115	13	0.1		9	35.6111	-120.7411
3	SLU	20070115	371	40	ODONOVAN RD  SAN_LUIS_ 11	7	35.495	-120.51
3	SLU	20070115	373	0.1	KILER CANYON RD  SAN_L 12	8	35.6069	-120.72
3	SLU	20070115	357	1	FOWLER LN  SAN_LUIS_OBI 4	4	35.0631	-120.5869
3	SLU	20070118	484	1	BIDDLE RANCH RD / EDNA RD	4	35.215	-120.6161
3	SLU	20070122	595	0.1		9	35.5939	-120.6511
3	SLU	20070125	684	0.1		9	35.5531	-120.785
3	SLU	20070126	698	1	WALNUT IC C/L11 T/T2	9	35.2389	-120.7589
3	SLU	20070128	768	0.1	SAINT IC/ WHITE 2	9	35.535	-120.8461
3	SLU	20070204	959	1	SANDY IC C/L12 T/T3	9	35.5911	-120.5819
3	SLU	20070204	947	0.1		9	35.16	-120.6819
3	SLU	20070208	1074	0.1		9	35.6539	-120.3761
3	SLU	20070208	1075	0.1		9	35.145	-120.5839
3	SLU	20070209	1078	1	EUCALYPTUS RD / VIA CONCH	7	35.0281	-120.5569
3	SLU	20070212	1167	0.1		9	35.015	-120.5119
3	SLU	20070226	1467	0.1	DAWN RD / SUN DALE WY	9	35.04	-120.5419
3	SLU	20070303	1573	0.3	SPEED IC C/L11 T/T2	9	35.035	-120.4831
3	SLU	20070306	46	0.1		9	35.5939	-120.6511
3	SLU	20070306	1655	4	CRESTON IC WHITE 2	4	35.5911	-120.6461
3	SLU	20070310	1757	0.1	MARINA IC C/L13 T/T3	9	35.7319	-120.9039
3	SLU	20070310	1754	1	SOUTH IC/ TAC 2	3	35.0719	-120.59
3	SLU	20070311	1786	0.1		9	35.555	-121.0839
3	SLU	20070315	1878	0.1	HWY 101  /W TEFFT ST 25	4	34.9989	-120.4361
3	SLU	20070317	1928	0.1	WHISPER LN  SAN_LUIS_OB 3	9	35.0469	-120.53
3	SLU	20070317	1918	0.1	VIA CONCHA RD  SAN_LUIS 6	9	35.0431	-120.55
3	SLU	20070319	1983	0.1	ALMOND IC/TAC3	9	35.55	-120.6261
3	SLU	20070319	1993	0.1	ROCKY CANYON RD  SAN_L 26	9	35.4961	-120.6461
3	SLU	20070319	1985	0.1	KILER CANYON RD  SAN_L 13	9	35.6089	-120.7169
3	SLU	20070326	2161	1	HWY 166  / ALAMO CREEK  7	4	35.0219	-120.3119
3	SLU	20070330	60	0.1		9	35.4269	-120.6331
3	SLU	20070331	2282	3	BELMONT TRL / DELRAY RD	9	35.3081	-119.9811
3	SLU	20070331	2269	0.1		9	35.1569	-120.5961
3	SLU	20070401	2318	0.1	HWY 41E   SAN_LUIS_OBI 24	8	35.5511	-120.4881
3	SLU	20070403	75	0.1		8	35.7569	-120.865
3	SLU	20070406	2420	0.1		9	35.0481	-120.5111
3	SLU	20070410	2517	0.1	BALM RIDGE WY / BARON CAN	7	35.21	-120.6781
3	SLU	20070417	49	0.1		9	35.1431	-120.5631
3	SLU	20070417	84	0.1		8	35.7569	-120.865
3	SLU	20070419	275	0.1		9	35.3461	-120.6289
3	SLU	20070419	2758	0.1	HWY 101  / EL CAMINO R 49	9	35.3831	-120.63
3	SLU	20070426	2960	0.3	PARKHILL IC C/L12 T/T3	7	35.355	-120.4039
3	SLU	20070426	52	0.1		9	35.0681	-120.5281
3	SLU	20070426	77	0.1		9	35.3831	-120.6281
3	SLU	20070426	2951	1	NACIMIENTO LAKE DR / IN 4	7	35.775	-120.8911
3	SLU	20070426	2958	0.1	EWING IC T/T2	9	35.0681	-120.5281
3	SLU	20070427	2993	0.1		9	35.3219	-120.835
3	SLU	20070427	2983	2		4	35.68	-120.6861
3	SLU	20070427	2976	4	SHADOW IC C/L12 T/T3	4	35.56	-120.8111
3	SLU	20070428	3017	0.8	HWY 46E  / WHITLEY GARD 6	4	35.6581	-120.5069
3	SLU	20070501	3120	0.5	BUCKLEY IC T/WHT2 2	9	35.2361	-120.6761
3	SLU	20070507	3280	45	LA PANZA RD / HWY 41E 9	4	35.515	-120.52
3	SLU	20070508	3295	0.1		9	35.6911	-120.6831
3	SLU	20070510	59	0.1		9	35.325	-120.62
3	SLU	20070512	3429	1	ANTELOPE IC C/L12 T/T3	9	35.7439	-120.2211
3	SLU	20070512	3416	0.1	NACIMIENTO RESORT MARI 37	9	35.7561	-120.9011
3	SLU	20070512	3426	0.1		9	35.7089	-120.6931
3	SLU	20070516	3518	1	CUESTA GRADE (MIDDLE)  31	9	35.3331	-120.625
3	SLU	20070517	3569	0.1	CAMP SAN LUIS OBISPO SL 2	9	35.325	-120.7281
3	SLU	20070517	3567	0.1	PICO AV / HWY 1	9	35.615	-121.1469
3	SLU	20070518	3607	1	EQUESTRIAN IC C/L13 T/T3	9	35.7319	-120.8781
3	SLU	20070519	3619	1	HIGHWAY IC/TAC 3	9	35.5411	-120.8019
3	SLU	20070520	3660	1	MARCOS IC/TAC3	9	35.7219	-120.6981
3	SLU	20070522	3722	25	CALF CANYON HWY / LA PA 8	9	35.3739	-120.0939
3	SLU	20070522	372	0.1		9	35.3831	-120.6281
3	SLU	20070522	3718	7	SUNDANCE TRL  SLO_CO	9	35.5389	-120.5539
3	SLU	20070522	3715	7	AKRON RD / SPRING CREEK W	9	35.545	-120.6239
3	SLU	20070523	110	0.1		9	35.5839	-120.5869
3	SLU	20070523	3733	1	HWY 41E  / BITTERWATER  3	9	35.7111	-120.31
3	SLU	20070523	3729	0.1	OLD OAK PARK RD / ERHART	4	35.15	-120.6
3	SLU	20070524	3759	0.3	CALF CANYON HWY / ODONO 5	4	35.4519	-120.4789
3	SLU	20070525	3792	1	NUTWOOD CIR  SLO_CO	4	35.5811	-120.7031
3	SLU	20070526	3834	0.1	CHRISTMAS COVE (NACIMEN 2	9	35.7511	-121.0289
3	SLU	20070527	3866	1	CAMP SLO SLO_CO 3	6	35.325	-120.7289
3	SLU	20070527	3851	0.1	BELANGER DR  NIP	9	35.0261	-120.4781
3	SLU	20070530	3947	1	SUBURBAN IC/WHIT2	4	35.2439	-120.6661
3	SLU	20070530	3949	2	CAMP SLO RANGES SLO_CO	9	35.3419	-120.7039
3	SLU	20070604	4065	1	HWY 166  / ALAMO CREEK  8	4	35.0219	-120.3119
3	SLU	20070604	333	0.1		9	35.0011	-120.3919
3	SLU	20070605	464	0.1		9	35.5761	-121.1039
3	SLU	20070606	4102	1	CAMPO IC/ TAC 7	9	35.0739	-120.5761
3	SLU	20070606	4119	1	AZAELA IC/ TAC 7	8	35.0231	-120.505
3	SLU	20070606	4099	0.1	HOWARD AV / SOLANO ST	9	35.315	-120.8539
3	SLU	20070606	36	0.1		9	35.1111	-120.5639
3	SLU	20070607	4138	0.1	COLLEGE IC/ TAC 2	9	35.3311	-120.7389
3	SLU	20070608	4163	3	WILLOW RD  SLO_CO	4	35.0469	-120.5911
3	SLU	20070609	4196	0.3	SANTA ROSA CREEK RD  S 41	9	35.5369	-120.8631
3	SLU	20070609	4194	1	R-5 9	9	35.75	-120.7169
3	SLU	20070612	4273	0.1		9	35.3269	-120.8081
3	SLU	20070612	4277	1	LYN RD  SLO_CO	9	35.0731	-120.5561
3	SLU	20070613	4311	7	COAST IC/ TAC 2	9	35.1089	-120.5669
3	SLU	20070613	4312	0.3	LYNCH CANYON DR / TIERRA	4	35.7839	-120.9719
3	SLU	20070614	4340	0.1	HISCHIER LN / CORBETT CAN	9	35.1589	-120.5581
3	SLU	20070615	128	0.1		9	35.6489	-120.7181
3	SLU	20070615	4401	0.1	E TEFFT ST  SLO_CO	4	35.0489	-120.4681
3	SLU	20070615	4378	1	NACIMIENTO LAKE DR  SLO 8	4	35.6631	-120.7261
3	SLU	20070615	438	0.1		9	35.3461	-120.6289
3	SLU	20070615	4386	2	THOMPSON IC/TAC7	9	35.3481	-120.6311
3	SLU	20070616	4427	0.1		9	35.155	-120.5761
3	SLU	20070616	4421	9	HALCYON IC/TAC2	9	35.105	-120.6311
3	SLU	20070618	4493	3	UNION IC/ TAC 3	9	35.6539	-120.5311
3	SLU	20070618	4492	0.1		9	35.0411	-120.4931
3	SLU	20070618	4477	1	FLOWER IC T/T2	9	35.6619	-120.3689
3	SLU	20070619	4526	1	HWY 46W  / HIDDEN VALLEY	9	35.5511	-120.775
3	SLU	20070620	4550	0.5	GRADE IC/ TAC 3	4	35.3331	-120.625
3	SLU	20070620	4552	1	PEACHY IC/ TAC 3	4	35.6231	-120.7861
3	SLU	20070621	457	0.1		9	35.3461	-120.6289
3	SLU	20070621	4570	1	CUESTA GRADE (TOP) SLO_ 5	9	35.3481	-120.6311
3	SLU	20070622	4587	1	CAMP SLO SLO_CO 8	9	35.325	-120.7289
3	SLU	20070625	4716	1	CENTER IC/ TAC 3	9	35.3831	-120.6311
3	SLU	20070626	471	0.1		9	35.3461	-120.6289
3	SLU	20070627	479	0.1		9	35.3461	-120.6289
3	SLU	20070627	4776	1	LIVE OAK RD  SLO_CO	4	35.5889	-120.7161
3	SLU	20070628	4804	1	MOUNTAIN SPRINGS RD  SL 2	9	35.6389	-120.7361
3	SLU	20070628	4792	1	HUASNA TOWNSITE RD  SLO_C	4	35.0881	-120.37
3	SLU	20070628	4809	0.1	HWY 101  / EL CAMINO R 57	9	35.3819	-120.6319
3	SLU	20070629	4828	3	BASE IC T/T2	4	35.3031	-120.6269
3	SLU	20070629	4846	1	RAMADA DR / VOLPI YSABE 5	9	35.5811	-120.6961
3	SLU	20070630	4877	1	POND IC/ TAC 8	6	35.5739	-120.6081
3	SLU	20070630	4852	2	POLY IC C/L11 T/T2	6	35.305	-120.6539
3	SLU	20070701	4913	1	INTERLAKE RD / NACIMIEN 5	9	35.775	-120.8911
3	SLU	20070701	4917	10	ADELADIA IC T/8 2	4	35.65	-120.7211
3	SLU	20070701	4918	6	NACIMIENTO LAKE DR / OA 4	4	35.6661	-120.7261
3	SLU	20070701	4923	0.1	CIMARRON WY  SLO_CO	9	35.0719	-120.5139
3	SLU	20070702	4951	0.1	THEODORA ST  NIP 2	9	35.0281	-120.4931
3	SLU	20070702	4959	1	LAS TABLAS WILLOW CRK R 2	4	35.57	-120.7589
3	SLU	20070704	5028	0.5	DEL ROSA RD  SLO_CO	9	35.2919	-119.9789
3	SLU	20070704	5061	1	LAS TABLAS RD /S BETHEL 2	9	35.5539	-120.7269
3	SLU	20070704	5017	0.1	POCO IC T/T3	9	35.5111	-120.6381
3	SLU	20070704	5024	1	LOPEZ IC T/T2	9	35.1869	-120.4881
3	SLU	20070705	5127	1	JOHN WAY T/T3	6	35.5281	-120.6461
3	SLU	20070705	5130	2	VINEYARD IC/TAC8	6	35.5431	-120.7461
3	SLU	20070705	5109	1	WILLOW IC T/T3	6	35.575	-120.7781
3	SLU	20070706	540	0.1		9	35.0019	-120.3611
3	SLU	20070706	5161	2	HIGHWAY TAC2	4	35	-120.4361
3	SLU	20070706	5160	0.3	WILLOW IC T/T2	5	35.0481	-120.515
3	SLU	20070707	5194	0.1	RAMADA DR / VOLPI YSABE 6	9	35.5811	-120.6869
3	SLU	20070708	5214	0.3	LOS RANCHOS RD  SLO_CO	8	35.22	-120.6219
3	SLU	20070709	5241	1	STAGECOACH IC T/T2	9	35.3031	-120.6269
3	SLU	20070709	5237	1	CEMETERY IC T/3	9	35.7311	-120.7011
3	SLU	20070712	5323	0.3	HWY 166  / HWY 101 9	9	34.9961	-120.435
3	SLU	20070714	5391	1	HWY 46E  / ANTELOPE RD 9	4	35.7431	-120.2169
3	SLU	20070714	91	0.1		9	35.015	-120.5311
3	SLU	20070714	5362	2.5	INDIANA IC T/T7	9	35.015	-120.5311
3	SLU	20070714	5383	1	HIGUERA IC T/T7	4	35.2189	-120.6939
3	SLU	20070714	424	0.1		9	35.015	-120.5311
3	SLU	20070715	5404	1	HOLLY IC, T/T3	4	35.5711	-120.6481
3	SLU	20070716	5437	1	HOG IC/ TAC 3	9	35.715	-120.5869
3	SLU	20070718	5494	1	BONITA IC T/T2	9	35.0039	-120.5189
3	SLU	20070718	5492	1		9	35.605	-120.555
3	SLU	20070719	5519	0.1	HIDDEN VALLEY RD  SLO_CO	4	35.5431	-120.765
3	SLU	20070719	551	0.1		9	35.5431	-120.7639
3	SLU	20070719	157	0.1		3	35.7089	-120.695
3	SLU	20070720	5536	1	SANTA FE RD / TANK FARM 4	4	35.2469	-120.6469
3	SLU	20070720	5543	0.1	ACORN LN  SLO_CO	9	35.7431	-121.01
3	SLU	20070721	133	0.1		9	35.4269	-120.6331
3	SLU	20070721	5564	0.1	K-10 8	9	35.425	-120.6319
3	SLU	20070721	556	0.1		9	35.3461	-120.6289
3	SLU	20070721	5575	1	PORT SAN LUIS HARBOR P 18	6	35.1719	-120.7569
3	SLU	20070722	5601	1	DEERFIELD RD  SLO_CO 2	4	35.5439	-120.7711
3	SLU	20070723	5631	4	RIVER IC T/T3	9	35.3461	-120.395
3	SLU	20070725	162	0.1		9	35.7089	-120.695
3	SLU	20070726	5725	1	OCEANO DUNES STATE PA 119	9	35.105	-120.6311
3	SLU	20070727	5731	0.1	LOPEZ DR  SLO_CO 2	9	35.1839	-120.505
3	SLU	20070728	5758	0.1	HWY 46E  / FLOWER LN 3	9	35.6619	-120.3689
3	SLU	20070728	137	0.1		9	35.4269	-120.6331
3	SLU	20070729	5812	4	CALF IC T/T3	9	35.4161	-120.4711
3	SLU	20070730	5843	1	CAMPO IC TAC 2	4	35.0931	-120.5631
3	SLU	20070801	5891	0.1	W POZO RD / CALF CANYON H	4	35.3869	-120.1661
3	SLU	20070801	5893	1	CANYON IC/TAC 3	4	35.1711	-120.625
3	SLU	20070801	5884	12		9	35.2789	-120.6461
3	SLU	20070802	619	0.1		9	35.0019	-120.3611
3	SLU	20070803	5945	3	COLONY	4	35.32	-120.6969
3	SLU	20070805	6013	1	Y SLO_CO 9	9	35.7339	-120.2861
3	SLU	20070806	6040	1	EDUCATION IC/TAC2	9	35.3331	-120.7431
3	SLU	20070807	6069	0.1	UNION RD / GENESEO RD 4	4	35.6381	-120.5611
3	SLU	20070808	6095	4	BUCKLEY RD / DAVENPORT  5	4	35.2361	-120.6489
3	SLU	20070809	6102	1	DAVENPORT CREEK RD  SLO 2	4	35.2339	-120.6489
3	SLU	20070811	6166	2	CALLE IC	9	35.2411	-120.7181
3	SLU	20070814	6252	0.7	HWY 101  / EXLINE RD 3	9	35.6831	-120.6969
3	SLU	20070814	6246	1	LYNCH CANYON DR / OAK SHO	4	35.7811	-120.9911
3	SLU	20070815	6274	5	HWY 46W  / JACK CREEK R 3	9	35.5481	-120.7931
3	SLU	20070815	6279	2	Y SLO_CO 11	9	35.7431	-120.2169
3	SLU	20070817	6311	0.5	OCEANO DUNES STATE PA 121	9	35.105	-120.6311
3	SLU	20070818	636	0.1		9	35.3461	-120.6289
3	SLU	20070819	640	0.1		9	35.3461	-120.6289
3	SLU	20070819	6403	20	CUESTA IC/TAC 18	4	35.3711	-120.6411
3	SLU	20070819	152	0.5		9	35.4269	-120.6331
3	SLU	20070820	643	0.1		9	35.3461	-120.6289
3	SLU	20070820	6435	1	HIGHWAY IC/TAC2 2	4	35.3831	-120.63
3	SLU	20070820	6418	0.1	CUESTA COLLEGE SLO_CO 14	9	35.3311	-120.7389
3	SLU	20070821	6452	2	GAGE IRVING RD  SLO_CO	9	35.6861	-120.9561
3	SLU	20070821	6458	1	CARMEL RD  SLO_CO	7	35.4319	-120.6161
3	SLU	20070823	6509	13	RANCH	9	35.6781	-120.9481
3	SLU	20070823	155	0.1		9	35.6811	-120.95
3	SLU	20070828	6610	1	ZENON WY / FERNDALE RD	9	35.0731	-120.5569
3	SLU	20070828	6611	0.1	HWY 101  / TASSAJARA C 25	3	35.3711	-120.6411
3	SLU	20070828	661	0.1		9	35.3461	-120.6289
3	SLU	20070830	6677	1	ROCKY CANYON RD / WEBST 2	9	35.4839	-120.5739
3	SLU	20070830	6673	1	ZENON WY  SLO_CO 2	1	35.0761	-120.5561
3	SLU	20070830	6675	0.1	RIGHETTI RD / COYOTE CANY	1	35.2431	-120.5889
3	SLU	20070830	6658	1	ADOBE CANYON RD  SLO_CO	1	35.49	-120.6289
3	SLU	20070830	6682	22	POZO	9	35.3861	-120.1681
3	SLU	20070830	6660	1		9	35.4769	-120.6239
3	SLU	20070830	6689	2.3	ROCKY 2	1	35.4839	-120.5739
3	SLU	20070902	6791	3	HWY 46E  / MCMILLAN CA 22	9	35.6611	-120.4139
3	SLU	20070908	6936	1	OCEANO DUNES STATE PA 125	6	35.105	-120.6311
3	SLU	20070909	6976	0.5	BURTON DR  CAMBRIA 71	9	35.5631	-121.0819
3	SLU	20070910	7014	1	SAN LUIS BAY DR / MONTE R	9	35.1961	-120.695
3	SLU	20070910	7004	1	HIGUERA ST / HWY 101 6	4	35.2239	-120.6919
3	SLU	20070911	7032	0.1	LOS OSOS VALLEY RD / T 23	9	35.3	-120.7769
3	SLU	20070911	7040	0.1	HWY 101  / SAN RAMON R 15	9	35.5269	-120.705
3	SLU	20070912	7061	14	MORRO RD / LOS ALTOS RD 4	4	35.4561	-120.7189
3	SLU	20070915	7156	1	CAMP 8 RD / HWY 41E 2	3	35.5489	-120.4931
3	SLU	20070918	11	0.1		9	35.4331	-120.6361
3	SLU	20070918	7226	2	MORNINGSIDE IC T/T3	4	35.43	-120.6319
3	SLU	20070918	171	0.1		9	35.4331	-120.6361
3	SLU	20070920	7271	1		6	35.0539	-120.5411
3	SLU	20070922	7304	0.1	NACIMIENTO RESORT MARI 58	9	35.7561	-120.9011
3	SLU	20070923	7351	1	DORIS AV  LOS_OSOS 4	9	35.32	-120.8481
3	SLU	20070925	130	0.1		9	35.15	-120.5611
3	SLU	20070925	7381	2	CORBETT CANYON RD  SLO_ 2	4	35.1569	-120.5589
3	SLU	20070927	7430	1	MCMILLIAN IC T/T3	9	35.6611	-120.4139
3	SLU	20070928	7464	0.1		9	35.6719	-120.6131
3	SLU	20070930	751	0.1		9	35.3461	-120.6289
3	SLU	20071002	7552	1	AIRPORT RD / ESTRELLA R 3	4	35.7181	-120.64
3	SLU	20071004	7616	1	TANK FARM RD / SANTA FE 5	4	35.2469	-120.6469
3	SLU	20071006	135	0.1		9	35.1069	-120.6261
3	SLU	20071006	7664	7	DUNE	4	35.105	-120.6311
3	SLU	20071007	7695	1	PIRATE	9	35.1739	-120.7181
3	SLU	20071007	7702	3	SPEED	4	35.005	-120.4419
3	SLU	20071008	7740	0.3	CARPENTER CANYON RD  S 33	9	35.1869	-120.6
3	SLU	20071009	66	0.1		9	35.3281	-120.6711
3	SLU	20071009	7753	60	A-4 7	9	35.3211	-120.66
3	SLU	20071012	7833	0.1	PREFUMO	9	35.2639	-120.7331
3	SLU	20071019	8023	0.3	PARKHILL RD  SLO_CO 7	4	35.3911	-120.4831
3	SLU	20071020	8059	0.3	SPRUCE	9	35.0311	-120.49
3	SLU	20071022	8111	3	LYN	8	35.0689	-120.5419
3	SLU	20071026	8239	0.1		9	35.0439	-120.4769
3	SLU	20071027	8253	0.1		7	35.36	-120.8011
3	SLU	20071103	8432	1	GENESEO RD / LINNE RD 6	6	35.5961	-120.5631
3	SLU	20071113	8666	1	COTTONWOOD PASS SLO_CO 3	9	35.7831	-120.2019
3	SLU	20071114	8698	0.1	BELLO ST  PB 6	9	35.1439	-120.64
3	SLU	20071119	8812	0.1	ALLEN	9	35.7331	-120.9669
3	SLU	20071121	8848	0.6	STATION 42 SLO_CO 2	4	35.3211	-120.0031
3	SLU	20071124	8939	1	SANTA 2	9	35.5139	-120.8019
3	SLU	20071125	8954	0.1	DRESSER RANCH PL  SLO_C 2	9	35.6069	-120.5931
3	SLU	20071126	8971	0.3	CALF	9	35.4239	-120.5469
3	SLU	20071126	8989	3	HWY 101  / HIGUERA ST 35	9	35.2239	-120.6919
3	SLU	20071126	216	0.5		9	35.4269	-120.6331
3	SLU	20071128	9043	1	CARMEL RD  SLO_CO 2	9	35.4311	-120.6161
3	SLU	20071129	9068	1	WEBSTER RD / CALF CANYO 2	9	35.4239	-120.5469
3	SLU	20071202	9146	1	ROCK RIDGE LN  SLO_CO	9	35.715	-120.5919
3	SLU	20071203	166	0.1		9	35.1581	-120.5269
3	SLU	20071203	9164	97	GRADE	4	35.3031	-120.6269
3	SLU	20071204	9171	1	NAZ IC	9	35.65	-120.7211
3	SLU	20071205	9215	1		9	35.68	-120.6861
3	SLU	20071206	9245	1	S OAKGLEN AVE / TERRACE S	9	35.0311	-120.475
3	SLU	20071214	9397	1		7	35.045	-120.55
3	SLU	20071215	9435	0.1		9	35.0411	-120.5189
3	SLU	20071216	9469	1	N RIVER RD / WELLSONA R 4	7	35.6961	-120.6811
3	SLU	20071227	9777	0.1		9	35.0711	-120.5669
3	SLU	20080102	41	1	VIA	7	35.1961	-120.6911
3	SLU	20080118	459	1	BURTON	4	35.5581	-121.0769
3	SLU	20080118	451	1	CASTILLO	8	35.2161	-120.705
3	SLU	20080209	1057	1	POMEROY RD / DAWN RD 2	7	35.04	-120.5289
3	SLU	20080209	1070	0.1	OCONNOR WY  SLO_CO 5	9	35.3161	-120.74
3	SLU	20080214	1185	1	RIDGECREST PL  SLO_CO	9	35.0839	-120.4811
3	SLU	20080215	1221	0.1	CALF CANYON HWY /W POZO 6	9	35.3889	-120.5811
3	SLU	20080216	1234	0.1	CUESTA GRADE (BASE) SL 22	9	35.3031	-120.6269
3	SLU	20080223	1432	1	LOS OLIVOS AVE / SOUTH BA	9	35.3131	-120.8239
3	SLU	20080301	1639	0.5	CERRO ALTO CAMPGROUND S 8	4	35.4281	-120.7519
3	SLU	20080301	1640	0.5	ATASCADERO RD / BEAR R 14	4	35.425	-120.7811
3	SLU	20080308	1798	0.1	LOPEZ DR / HI MOUNTAIN  3	9	35.1881	-120.4581
3	SLU	20080317	2038	0.1	OLIVERA AVE  SLO_CO	9	35.04	-120.5689
3	SLU	20080318	2057	0.5	ENTRADA 2	9	35.0231	-120.5611
3	SLU	20080321	2130	3	LOS BERROS	7	35.0781	-120.4419
3	SLU	20080323	2205	0.1	E POZO RD / SAN JOSE AVEN	9	35.31	-120.3281
3	SLU	20080324	2238	0.1	CMC SLO_CO 3	4	35.32	-120.6969
3	SLU	20080331	2406	0.1	S OAKGLEN AVE  SLO_CO 2	9	35.0189	-120.4619
3	SLU	20080402	2460	0.1	W 4TH ST  SLO_CO	9	35.6181	-120.7031
3	SLU	20080402	2462	1	HWY 46E  / MCMILLAN CA 29	9	35.6611	-120.4139
3	SLU	20080412	2720	1	HWY 1  / SAN LUISITO CR 4	4	35.355	-120.785
3	SLU	20080418	2871	0.1	RAMAL LN  SLO_CO 2	9	35.0839	-120.495
3	SLU	20080419	2897	0.1	N HWY 101  / 4TH ST OFF 2	9	35.1339	-120.6169
3	SLU	20080422	2969	1	DITMAS WY  SLO_CO	7	35.2131	-120.42
3	SLU	20080422	2967	1	ODONOVAN RD  SLO_CO 7	7	35.5011	-120.5119
3	SLU	20080423	2998	0.3	SPRUCE 2	9	35.0311	-120.49
3	SLU	20080423	3003	0.1	PARK	6	35.0311	-120.495
3	SLU	20080423	2993	1	APPALOSA	8	35.0761	-120.58
3	SLU	20080423	268	0.1		9	35.03	-120.4869
3	SLU	20080426	3100	1	SILVER SPUR PL  SLO_CO 10	9	35.0939	-120.6161
3	SLU	20080429	3177	0.3	N HWY 101  / VINEYARD D 2	4	35.54	-120.7131
3	SLU	20080430	3209	1	RUNNER	7	35.5089	-120.5889
3	SLU	20080430	3193	1	OCONNOR	7	35.2869	-120.7119
3	SLU	20080503	3288	0.1	OAK LN  SLO_CO	9	35.605	-120.6861
3	SLU	20080503	90	0.1		9	35.7089	-120.695
3	SLU	20080503	3301	1	MONTEREY RD  SLO_CO 5	9	35.6669	-120.6961
3	SLU	20080503	3280	1	STOCKDALE	4	35.6831	-120.6969
3	SLU	20080505	3335	1	N HWY 101  / MONTEREY RD	9	35.6669	-120.6961
3	SLU	20080506	3349	0.1	S HWY 101  / FIVE CITIES	9	35.1369	-120.625
3	SLU	20080514	3542	0.1	DAWN RD  NIP 5	9	35.04	-120.5381
3	SLU	20080517	3630	0.1	SHAMEL PARK CAMBRIA 3	9	35.5661	-121.1069
3	SLU	20080517	3617	7	SALINAS	4	35.6961	-120.69
3	SLU	20080517	100	0.1		9	35.7089	-120.695
3	SLU	20080518	3662	8	RIVER	4	35.3439	-120.3969
3	SLU	20080521	3757	0.1	ETO LN / PALOMINO DR	9	35.31	-120.8131
3	SLU	20080522	3779	2	Highway	9	35.5339	-120.8639
3	SLU	20080523	3806	4	RANDOM 2	4	35.4231	-120.4661
3	SLU	20080523	3805	0.1	RANDOM	9	35.575	-120.6581
3	SLU	20080530	3992	0.1	FOX CANYON LN  SLO_CO 2	9	35.1569	-120.565
3	SLU	20080603	4081	0.1	HWY 1  / HWY 46W 14	9	35.5269	-121.045
3	SLU	20080607	4210	14.6	GARDEN	4	35.6539	-120.5069
3	SLU	20080610	4301	5	JARDINE	4	35.66	-120.6061
3	SLU	20080611	4319	0.5	PIONEER	4	35.5231	-120.6481
3	SLU	20080611	4310	1	E TEFFT ST /N THOMPSON  6	7	35.0431	-120.4761
3	SLU	20080612	4348	0.1	BONITA	9	35.0039	-120.5189
3	SLU	20080613	4386	35	BITTER	4	35.6381	-120.2039
3	SLU	20080617	4499	1	HWY 46E  / MCMILLAN CA 32	9	35.6611	-120.4139
3	SLU	20080617	4475	1	N HWY 101  /S MISSION ST	9	35.7281	-120.7011
3	SLU	20080618	4519	6	COUNTRY 3	9	35.2161	-120.6189
3	SLU	20080618	4517	4	MOUNTIAN	9	35.6389	-120.7369
3	SLU	20080619	4541	1	EDNA	9	35.1711	-120.625
3	SLU	20080620	4571	1	CANYON 2	4	35.6611	-120.4139
3	SLU	20080620	4590	1	TANK FARM RD  SLO	4	35.2469	-120.6461
3	SLU	20080620	4614	0.1	PICO AVE / HWY 1	9	35.615	-121.1461
3	SLU	20080622	4704	1	MCMILLAN CANYON RD / HW 9	7	35.6611	-120.4139
3	SLU	20080622	4675	2	S HWY 101  / MATTIE RD 2	3	35.1511	-120.655
3	SLU	20080624	4748	1	NURSERY	4	34.9931	-120.4339
3	SLU	20080624	431	0.1		9	35.0531	-120.4989
3	SLU	20080624	4738	1	LA PANZA	9	35.4931	-120.4531
3	SLU	20080625	4761	0.1	ARBOR RD / HWY 46W	9	35.5981	-120.715
3	SLU	20080626	4764	6		9	35.6089	-120.7219
3	SLU	20080628	4859	3	41 IC	6	35.63	-120.4
3	SLU	20080629	134	0.1		9	35.7089	-120.695
3	SLU	20080629	4886	1	CAMPO 3	4	35.1111	-120.5639
3	SLU	20080629	4904	1	HWY 101  / WELLSONA RD 23	9	35.6961	-120.6969
3	SLU	20080629	86	0.1		9	35.0761	-120.5219
3	SLU	20080630	4917	1	HAGEN	4	35.6611	-120.4139
3	SLU	20080701	135	0.1		9	35.625	-120.7239
3	SLU	20080701	4955	0.1	HERITAGE	9	35.7439	-120.8761
3	SLU	20080701	4951	2	PEACHY	4	35.6269	-120.7761
3	SLU	20080702	4978	0.3	PIRATE 3	9	35.6631	-120.6919
3	SLU	20080704	5061	1	PIRATE 5	6	35.1739	-120.7181
3	SLU	20080705	5094	1	STORY ST  NIP 8	6	35.025	-120.4781
3	SLU	20080705	5091	0.1	FIVE CITIES DR  PB 68	9	35.1381	-120.6311
3	SLU	20080706	5134	1	EVANS RD  SLO_CO 4	9	35.23	-120.6411
3	SLU	20080709	5222	1	KIT	9	35.6369	-120.6319
3	SLU	20080709	5219	155	WHITE	4	35.6611	-120.4139
3	SLU	20080710	5228	0.5	COTTONWOOD PASS SLO_CO 6	9	35.7831	-120.2019
3	SLU	20080714	5393	1	EL POMAR DR  SLO_CO 5	9	35.5631	-120.6481
3	SLU	20080718	5493	0.1	N-1 16	9	35.1089	-120.5811
3	SLU	20080721	5557	1	HWY 41E  / DAVIS RD	6	35.7331	-120.29
3	SLU	20080721	5543	0.1	S HWY 101  / HWY 166 OF 2	9	35	-120.4369
3	SLU	20080722	5589	17	CANYON 3	4	35.6739	-120.4081
3	SLU	20080725	5655	0.1	HIGHWAY IC 2	9	35.5311	-120.7089
3	SLU	20080726	5684	20	BEE	9	35.7881	-120.9389
3	SLU	20080726	5673	0.1	OCEANO DUNES STATE PA 157	9	35.105	-120.6311
3	SLU	20080727	514	0.1		9	35.025	-120.4839
3	SLU	20080727	5699	0.2	DIVISION 2	9	35.0289	-120.4789
3	SLU	20080729	5779	2	HARMONY 2	9	35.5069	-121.0219
3	SLU	20080730	5811	5	BARLEY	4	35.7031	-120.7389
3	SLU	20080730	5796	0.1	SAN CARPOFORO CREEK SLO_C	9	35.765	-121.32
3	SLU	20080730	5809	1	AVENIDA MONTECITO VERDE 2	9	35.0281	-120.4789
3	SLU	20080731	5840	1	NEAL	4	35.5619	-120.6681
3	SLU	20080801	5868	0.1	GREEN ST  CAMBRIA 6	9	35.55	-121.0731
3	SLU	20080809	6099	1	E BEACH CIR  SLO_CO 3	4	35.745	-120.9819
3	SLU	20080815	6250	7	CUESTA 5	1	35.3161	-120.615
3	SLU	20080815	6257	0.5	COYOTE	1	35.0711	-120.385
3	SLU	20080815	6249	37	SLU LIGHTNING SERIES	1	35.1919	-120.5611
3	SLU	20080815	6253	1	EDNA 2	9	35.1939	-120.5631
3	SLU	20080815	6252	0.1	JOHNSON AVE / PHILLIPS LN	9	35.285	-120.6339
3	SLU	20080815	6261	4	ROUND	1	35.1919	-120.5611
3	SLU	20080818	6366	0.3	S HWY 101  /W TEFFT ST  3	4	35.0389	-120.4869
3	SLU	20080818	6353	0.1	MESA VIEW DR / TIENDA PL	9	35.0611	-120.5889
3	SLU	20080819	6380	1	CAMP 8 RD / FLYING PASTER	9	35.5611	-120.5281
3	SLU	20080820	6419	4.5	GREEN	9	35.54	-121.0111
3	SLU	20080824	6539	0.1	TIENDA PL  SLO_CO 2	9	35.0611	-120.5889
3	SLU	20080824	6518	0.1	CAMPGROUND	5	35.105	-120.6311
3	SLU	20080902	6790	0.1	LINDQUIST LN / OLD GOAT R	9	35.5189	-120.5219
3	SLU	20080902	6781	1	BUCKLEY	4	35.2339	-120.6369
3	SLU	20080904	6847	0.1	NEGRANTI	9	35.54	-120.9911
3	SLU	20080907	6930	1	GENESEO 2	4	35.6369	-120.5611
3	SLU	20080910	699	0.1		9	35.3461	-120.6289
3	SLU	20080910	6997	0.1	HIGHWAY 15	9	35.3711	-120.6411
3	SLU	20080914	7094	0.1	S WHITLEY GARDENS DR  SLO	6	35.6561	-120.5061
3	SLU	20080914	7095	0.1	HWY 46E  / ESTRELLA RD 9	9	35.6581	-120.5131
3	SLU	20080916	7134	0.3	HWY 46W  /N BETHEL RD 6	9	35.58	-120.72
3	SLU	20080916	7133	1	OCONNOR WY  SLO_CO 7	4	35.3011	-120.72
3	SLU	20080917	7162	0.1	LINNE RD / ROCKIN ONE WY	4	35.5989	-120.57
3	SLU	20080919	7203	1	SPEED 2	4	35.0081	-120.4481
3	SLU	20080919	720	0.1		9	35.3461	-120.6289
3	SLU	20080921	7243	0.1	SANTA RITA RD  SLO_CO 4	9	35.4769	-120.8239
3	SLU	20080922	7261	1	CUESTA GRADE (TOP) SLO 48	4	35.3481	-120.6311
3	SLU	20080922	7266	1	CUESTA GRADE (TOP) SLO 49	9	35.3481	-120.6311
3	SLU	20080928	7438	1	EL CAMINO REAL  /N HWY 10	8	35.3819	-120.6139
3	SLU	20081005	7629	1	CALF CANYON HWY / ODONO 8	4	35.4511	-120.4789
3	SLU	20081006	7661	1	WELLSONA IC	9	35.6961	-120.6811
3	SLU	20081007	7697	37	FRAIZER	4	35.7081	-120.8231
3	SLU	20081010	7765	1	MOUNTAIN SPRINGS RD  SL 9	9	35.6381	-120.7119
3	SLU	20081010	223	0.1		9	35.6369	-120.715
3	SLU	20081012	7838	0.1	LOS OSOS VALLEY RD /W  18	9	35.2769	-120.7119
3	SLU	20081012	7834	1	PRIESKER	9	34.9889	-120.4339
3	SLU	20081013	7856	1	WALNUT	9	35.425	-120.605
3	SLU	20081013	785	0.1		9	35.425	-120.605
3	SLU	20081016	7923	0.1	BURGANDY LN / VINTAGE HIL	9	35.6611	-120.5831
3	SLU	20081016	7938	1	ESTRELLA 2	9	35.7211	-120.6531
3	SLU	20081017	7985	0.1	SIMEON	9	35.5989	-121.1281
3	SLU	20081019	8034	2	GERONIMO 3	9	35.45	-120.9331
3	SLU	20081019	8029	0.1	S HWY 101  /N 4TH ST	3	35.1361	-120.6219
3	SLU	20081026	8218	0.1	CALF CANYON HWY  SLO_C 16	9	35.4639	-120.3689
3	SLU	20081028	8258	1	CONCHA	9	35.0269	-120.5611
3	SLU	20081106	8478	1	CENTER 2	9	35.0889	-120.5369
3	SLU	20081107	8494	0.3	HIGHWAY 16	9	35.5339	-120.8589
3	SLU	20081111	8628	1	4TH ST / WEBSTER RD	7	35.5169	-120.525
3	SLU	20081113	8669	1	POZO 3	4	35.3531	-120.5381
3	SLU	20081114	8693	59	EL CERRITO	4	35.2711	-120.6389
3	SLU	20081115	8727	0.1	BRANCH 2	9	35.1511	-120.5289
3	SLU	20081116	8781	1	KILER CANYON RD  SLO_CO 6	9	35.605	-120.72
3	SLU	20081121	8894	34	HIGHWAY 19	4	35.3381	-120.7419
3	SLU	20081122	8929	5	SHOOTING	9	35.325	-120.7289
3	SLU	20081123	8960	0.1	PIRATES COVE PACIFIC_O 18	5	35.1739	-120.7181
3	SLU	20081123	8979	0.1	SADDLE RD  SLO_CO	9	35.1369	-120.5511
3	SLU	20081125	9024	0.1	CIERVO TRAIL WY  SLO_CO 2	9	35.0969	-120.3831
3	SLU	20081127	9081	0.1	HORSESHOE CANYON RD  SLO_	9	35.4231	-120.49
3	SLU	20081211	9449	1	OCONNOR WY  SLO_CO 8	9	35.2961	-120.7211
3	SLU	20081227	9867	0.1	PARVIEW	9	35.0781	-120.575
3	SLU	20081229	9916	0.1	BLUE SKY DR  SLO_CO 3	9	35.1369	-120.5681
3	SLU	20090102	35	1	S HALCYON RD / MESA VIEW	8	35.0811	-120.5869
3	SLU	20090108	162	0.1	VIA CONCHA RD / WILLOW RD	9	35.0439	-120.55
3	SLU	20090109	186	0.1	CARPENTER CANYON RD  SLO_	9	35.1781	-120.5631
3	SLU	20090111	233	3	OCEANO	9	35.105	-120.6311
3	SLU	20090122	543	0.1	LOS BERROS RD  SLO_CO	9	35.0831	-120.5531
3	SLU	20090202	790	0.1	POMEROY RD  NIP	9	35.0461	-120.5239
3	SLU	20090202	799	0.1	HUASANA	9	35.1381	-120.5139
3	SLU	20090203	822	1	WINTER	9	35.0539	-120.5861
3	SLU	20090204	870	0.1	LOS OSOS VALLEY RD /W FOO	9	35.2769	-120.7119
3	SLU	20090204	859	0.1	TOLOSA WINERY SLO_CO	9	35.2311	-120.63
3	SLU	20090205	886	0.1	DIVISION ST / ORCHARD RD	9	35.01	-120.5019
3	SLU	20090220	1242	1	OCEANO DUNES STATE PARK 5	9	35.105	-120.6311
3	SLU	20090220	24	0.1		9	35.1069	-120.6261
3	SLU	20090307	33	0.1		9	35.0839	-120.5669
3	SLU	20090312	1754	0.1	SUMMERWOOD WINERY SLO_CO	9	35.585	-120.715
3	SLU	20090314	1807	0.1	CORBETT CANYON RD / VERDE	9	35.175	-120.5581
3	SLU	20090326	2076	0.1	NOYES RD / PRINTZ RD	9	35.1519	-120.5831
3	SLU	20090328	2130	1	PHOENIX CANYON RD  SLO_CO	9	35.185	-120.4381
3	SLU	20090406	2367	2	HWY 166  / COTTONWOOD CAN	4	35.06	-119.8581
3	SLU	20090414	2594	1	MOORE	7	35.1539	-120.5939
3	SLU	20090414	2615	0.1	WILLOW	9	35.0469	-120.5681
3	SLU	20090419	2767	0.1	PRIMROSE LN  NIP	9	35.0331	-120.495
3	SLU	20090419	2750	1	CORBETT CANYON RD  SLO_CO	7	35.1839	-120.5719
3	SLU	20090420	2778	0.1	SHORELINE DR  PB	3	35.1589	-120.68
3	SLU	20090420	2787	2	CAMP 8 RD / HWY 41E	4	35.545	-120.4981
3	SLU	20090421	2841	1	SAN PASO TRUCK STOP SLO_C	9	35.6961	-120.6969
3	SLU	20090421	90	0.1		9	35.7089	-120.695
3	SLU	20090426	2989	1	SPRING	9	35.6561	-120.6969
3	SLU	20090426	94	0.1		9	35.7089	-120.695
3	SLU	20090427	3022	1	INDIAN VALLEY RD / VINEYA	9	35.7731	-120.6931
3	SLU	20090428	3050	23	CLARK RD / TRUESDALE RD	4	35.63	-120.3819
3	SLU	20090428	3054	1	MESA DUNES MHP SLO_CO	9	35.0761	-120.5889
3	SLU	20090429	3083	0.1	FORKED HORN PL  SLO_CO	9	35.6361	-120.55
3	SLU	20090429	3063	0.1	HUASNA	9	35.1339	-120.5061
3	SLU	20090430	97	0.1		9	35.685	-120.72
3	SLU	20090430	3103	1	EXLINE RD  SLO_CO	7	35.6811	-120.705
3	SLU	20090502	3182	1	HEMI RD  SLO_CO	9	35.0839	-120.5269
3	SLU	20090503	3215	0.5	PARKHILL	9	35.3989	-120.4981
3	SLU	20090505	3264	1	BERROS IC	9	35.075	-120.52
3	SLU	20090506	3289	0.1	POMEROY RD  NIP	9	35.0389	-120.5089
3	SLU	20090506	3294	0.3	ROSSI	4	35.5369	-120.7131
3	SLU	20090507	3324	1	BRANCH MILL RD / EXCEL WY	9	35.1519	-120.5281
3	SLU	20090507	3332	1	N HWY 101  /N HWY 166 OFF	8	34.9931	-120.4339
3	SLU	20090507	3338	0.1	7TH ST  LOS_OSOS	9	35.3231	-120.835
3	SLU	20090508	3365	0.2	EXLINE	9	35.6831	-120.6969
3	SLU	20090508	3361	0.1	PEACHY CANYON TASTING ROO	8	35.58	-120.72
3	SLU	20090508	103	0.1	REST	9	35.7089	-120.695
3	SLU	20090508	3339	0.2	S HWY 101  / LOS BERROS R	4	35.075	-120.5211
3	SLU	20090512	348	0.1		9	35.3461	-120.6289
3	SLU	20090513	3500	0.1	CAMP	9	35.325	-120.7289
3	SLU	20090513	3499	0.1	N RIVER RD  SAN_MIG	9	35.7431	-120.685
3	SLU	20090514	3514	1	CREEK 2	9	35.4731	-120.8569
3	SLU	20090514	3523	0.1	RAMADA DR / VOLPI YSABEL	9	35.5811	-120.6961
3	SLU	20090514	3517	2	BURTON DR / VILLAGE LN	4	35.5611	-121.0811
3	SLU	20090516	3573	0.1	S HWY 101  / TASSAJARA CR	4	35.3711	-120.6411
3	SLU	20090516	3591	0.2	SUEY	9	35.0031	-120.36
3	SLU	20090516	3594	0.1	HIGHLAND DR  LOS_OSOS	9	35.3089	-120.8489
3	SLU	20090517	3609	0.1	CORBETT CANYON RD  SLO_CO	9	35.155	-120.56
3	SLU	20090518	3640	1	STOCKDALE	4	35.6831	-120.6969
3	SLU	20090518	113	0.1		9	35.6831	-120.6969
3	SLU	20090522	117	0.1		4	35.7089	-120.695
3	SLU	20090523	378	0.1		9	35.4269	-120.6331
3	SLU	20090524	3823	0.1	NACIMIENTO RESORT ENTRANC	9	35.7531	-120.8911
3	SLU	20090527	3880	0.1	ATASCADERO RD  SLO_CO	9	35.39	-120.8389
3	SLU	20090530	3978	3	GUN	9	35.44	-120.6281
3	SLU	20090531	3995	0.3	ROCKY	9	35.47	-120.6239
3	SLU	20090605	4125	1	S SOUTH BAY BLVD / TURRI	4	35.3369	-120.8231
3	SLU	20090606	4141	0.1	VIEJO CAMINO   SLO_CO	9	35.4431	-120.6289
3	SLU	20090607	4197	0.1	CARMEL	4	35.4281	-120.6189
3	SLU	20090609	4229	0.3	RIO	9	35.0911	-120.5781
3	SLU	20090612	4299	0.1	CIELO LN  SLO_CO	9	35.015	-120.4819
3	SLU	20090612	4296	0.1	Fire Wildland	4	35.2761	-120.6419
3	SLU	20090613	4352	0.1	NANCY AVE / HENRIETTA AVE	9	35.3169	-120.85
3	SLU	20090615	4392	1	TYRUS CT  SLO_CO	8	35.0269	-120.5
3	SLU	20090616	4423	0.5	TWITCHELL	4	35.0161	-120.3561
3	SLU	20090617	4457	0.1	CAMINO	4	35.0111	-120.51
3	SLU	20090617	4454	0.1	HIDDEN	4	35.5419	-120.7631
3	SLU	20090619	38	0.1		9	35.1431	-120.5461
3	SLU	20090620	4533	1	COUNTY	9	35.7789	-120.195
3	SLU	20090621	4561	0.1	FERRELL AVE / LOS OSOS VA	9	35.3111	-120.8331
3	SLU	20090621	4587	0.1	DIVISION ST / MEREDITH AV	9	35.0281	-120.4811
3	SLU	20090623	4635	0.1	PICO CREEK SLO_CO	9	35.6261	-121.1581
3	SLU	20090623	4614	0.3	ESTRELLA	9	35.655	-120.5111
3	SLU	20090624	4659	2	GAGE IRVING RD / RUNNING	4	35.7	-120.9669
3	SLU	20090627	145	0.1		9	35.5881	-120.715
3	SLU	20090627	4749	0.3	ARBOR	9	35.5989	-120.715
3	SLU	20090629	4800	1	VF	9	35.6581	-120.6719
3	SLU	20090630	4809	1	NACIMIENTO LAKE DR  SLO_C	9	35.6489	-120.72
3	SLU	20090701	4857	0.3	N HWY 101  /N THOMPSON AV	9	35.0681	-120.5119
3	SLU	20090701	4845	0.5	CHISPA	4	35.4281	-120.6011
3	SLU	20090701	4856	0.3	MARGARITA	9	35.385	-120.6289
3	SLU	20090701	485	0.1		9	35.3461	-120.6289
3	SLU	20090704	5011	0.1	DIEGO RIVERA LN / CALLEND	9	35.0539	-120.5819
3	SLU	20090705	5040	3	DOVER	6	35.5861	-120.83
3	SLU	20090706	5073	0.3	N MALLAGH ST  NIP	8	35.0461	-120.4831
3	SLU	20090706	5068	1	INTERLAKE RD  SLO_CO	4	35.7781	-120.905
3	SLU	20090707	5112	0.1	TEFFT	8	35.0331	-120.4919
3	SLU	20090707	5104	0.1	MONTECITO	9	35.0281	-120.4789
3	SLU	20090707	5105	1	CHOLAME	4	35.7339	-120.2861
3	SLU	20090708	5124	0.5	BARNES	6	35.7111	-120.7039
3	SLU	20090711	5240	0.5	OAK	9	35.135	-120.605
3	SLU	20090711	79	0.1		9	35.1381	-120.6039
3	SLU	20090711	473	0.1		9	35.0081	-120.4489
3	SLU	20090714	5300	0.8	SUNNY	9	35.2719	-120.7081
3	SLU	20090715	5333	0.1	ESCABROSO RD / MORRO RD	9	35.4611	-120.7381
3	SLU	20090716	5358	0.2	HIGHWAY 2	4	35.66	-120.5611
3	SLU	20090718	5419	0.1	KING	4	35.5039	-120.605
3	SLU	20090718	5448	0.1	DUNE	9	35.105	-120.6311
3	SLU	20090718	542	0.1		9	35.3461	-120.6289
3	SLU	20090719	5453	0.3	SUNBURY	9	35.5719	-121.1
3	SLU	20090719	5460	123	LAKE	4	35.7531	-120.8911
3	SLU	20090721	166	0.1		9	35.7089	-120.695
3	SLU	20090721	5518	2	RANCHITA	9	35.7731	-120.595
3	SLU	20090723	168	0.1		9	35.65	-120.72
3	SLU	20090723	5561	42	NACIMIENTO	9	35.6569	-120.7261
3	SLU	20090724	5589	0.1	58	9	35.4219	-120.6311
3	SLU	20090725	5629	0.3	PARKHILL	9	35.3781	-120.4381
3	SLU	20090726	5659	0.1	SPRINGS	9	35.6239	-120.615
3	SLU	20090726	174	0.1		9	35.615	-120.6131
3	SLU	20090728	5714	0.1	EL CAMINO REAL  /S HWY 10	4	35.3831	-120.63
3	SLU	20090728	571	0.1		9	35.3461	-120.6289
3	SLU	20090804	5905	0.1	TV TOWER RD / BOTANICAL T	9	35.3619	-120.6569
3	SLU	20090806	5927	1	CAMINO EDNA  / CORBETT CA	9	35.1919	-120.5861
3	SLU	20090807	536	0.1		9	35.0319	-120.4931
3	SLU	20090807	5980	3	S RIVER RD / LOTHAR LN	9	35.58	-120.6589
3	SLU	20090807	5978	1.5	WEST	4	35.0319	-120.4931
3	SLU	20090808	6003	0.1	POGUE	4	35.0169	-120.4511
3	SLU	20090808	6020	0.1	MERRY	9	35.0361	-120.4869
3	SLU	20090810	6073	0.5	ONTARIO	9	35.2239	-120.6919
3	SLU	20090813	6144	1	THOMPSON	4	34.9961	-120.4339
3	SLU	20090817	6269	0.1	PC451  Arson/	9	35.1531	-120.5869
3	SLU	20090823	6400	1	DIVISION ST / GUADALUPE R	9	34.9911	-120.57
3	SLU	20090824	6443	0.3	CRESTON RD  SLO_CO	9	35.5861	-120.63
3	SLU	20090828	6535	1	ZENON WY  SLO_CO	9	35.06	-120.5639
3	SLU	20090829	659	0.1		9	35.5431	-120.7639
3	SLU	20090829	6597	0.1	HIDDEN	9	35.5431	-120.765
3	SLU	20090829	6576	1	PINES	9	35.5769	-121.0969
3	SLU	20090831	6644	0.3	SHADOW CANYON RD  SLO_CO	4	35.5589	-120.8419
3	SLU	20090902	6690	0.1	MORRO	9	35.3989	-120.8289
3	SLU	20090904	6742	1	OSOS	9	35.2769	-120.7119
3	SLU	20090906	6812	0.1	7TH ST  LOS_OSOS	9	35.3219	-120.835
3	SLU	20090906	6826	1	LOS BERROS RD / POMEROY R	4	35.0789	-120.5431
3	SLU	20090910	6920	0.1	SANTA RITA RD / SANTA RIT	9	35.5269	-120.7969
3	SLU	20090910	6911	1	OLIVE	9	35.7789	-120.195
3	SLU	20090916	7051	0.1	SEE CANYON RD  SLO_CO	4	35.1981	-120.715
3	SLU	20090922	7224	1	HAZEL LN / DIVISION ST	9	35.0211	-120.4889
3	SLU	20090922	7214	0.1	VINEYARD DR  SLO_CO	4	35.5531	-120.7511
3	SLU	20090922	7213	1	N HWY 1  / KANSAS AVE	8	35.3211	-120.7169
3	SLU	20090924	7282	0.1	ANDERSON	9	35.5739	-120.7331
3	SLU	20090924	7276	1	CRIPPLE CREEK RD / CRESTO	4	35.5711	-120.5611
3	SLU	20090925	7319	0.7	CURL	9	35.5019	-120.4819
3	SLU	20090925	7324	0.1	NACIMIENTO RESORT LODGES	9	35.755	-120.9011
3	SLU	20090927	7381	0.1	ORCUTT	4	35.2439	-120.6131
3	SLU	20090929	7418	0.1	RESERVOIR	9	35.2961	-120.63
3	SLU	20091001	7492	12.1	SCHOOL	9	35.5581	-121.0761
3	SLU	20091001	7494	0.1	S HWY 101  / AVILA BEACH	9	35.1761	-120.6981
3	SLU	20091003	230	0.1		9	35.6031	-120.605
3	SLU	20091003	7544	0.3	LINNE	9	35.5969	-120.5981
3	SLU	20091004	7567	0.1	S HALCYON RD / EL CAMPO R	9	35.0739	-120.5761
3	SLU	20091007	7633	0.1	BEACON	9	35.6739	-120.6081
3	SLU	20091008	7641	0.1	COTTONWOOD	4	35.7831	-120.2019
3	SLU	20091009	7680	1	EAGLE	9	35.4289	-120.7081
3	SLU	20091012	7754	45	NORTH	7	35.2481	-120.8531
3	SLU	20091014	7878	0.1	COUNTRY OAK WY / LOPEZ DR	9	35.1461	-120.5511
3	SLU	20091017	7959	10	PLANT	9	35.2561	-120.8881
3	SLU	20091030	8298	0.1	HWY 46W  / VINEYARD DR	9	35.5531	-120.7611
3	SLU	20091031	8306	3	LOPEZ	9	35.21	-120.485
3	SLU	20091101	8337	1	RIM ROCK	4	35.0711	-120.5061
3	SLU	20091108	974	0.1		9	34.9969	-120.35
3	SLU	20091108	8495	84	HIGHWAY	4	35.0161	-120.3561
3	SLU	20091115	8693	0.1	HOLLISTER LN  LOS_OSOS	9	35.3189	-120.8239
3	SLU	20091129	9054	0.1	HI MOUNTAIN RD / HI MOUNT	9	35.25	-120.3839
3	SLU	20091130	9093	0.3	S HWY 101  /S HIGUERA ST	9	35.2239	-120.6919
3	SLU	20091202	9122	0.1	TEMATATTE RIDGE RD  SLO_C	9	35.0881	-120.4839
3	SLU	20091208	9275	1	CUESTA GRADE NB(MIDDLE) S	9	35.3331	-120.6239
3	SLU	20091215	9452	0.1	BUCKLEY RD / HOOVER RD	9	35.2361	-120.6561
3	SLU	20100102	5	5		9	35.0289	-120.1931
3	SLU	20100115	397	0.1	N HWY 101  /W TEFFT ST N	9	35.0489	-120.495
3	SLU	20100116	423	0.1	ROLLING RANCH RD  SLO_CO	9	35.5531	-120.6039
3	SLU	20100118	483	0.1	14 SLO_CO	4	35.46	-120.7469
3	SLU	20100128	855	0.1	STENNER CREEK RD  SLO_CO	9	35.3081	-120.6811
3	SLU	20100130	915	0.1	LA CUMBRE LN / PABLO LN	9	35.0139	-120.5069
3	SLU	20100201	971	0.1	FIRE	9	35.1411	-120.5769
3	SLU	20100206	1072	0.1	W TEFFT ST /N LAS FLORES	9	35.0139	-120.5039
3	SLU	20100208	1156	0.1	JUNIPER ST /N FRONTAGE RD	9	35.04	-120.4881
3	SLU	20100217	1378	0.1	VIA PALOMA   SLO_CO	9	35.5981	-120.6811
3	SLU	20100218	1397	0.1	EUCALYPTUS RD / OSAGE ST	9	35.0211	-120.5119
3	SLU	20100220	1441	0.1	ORCUTT RD / TANK FARM RD	9	35.2611	-120.6211
3	SLU	20100220	1443	0.1	LEWIS LN  SLO_CO	9	35.2069	-120.62
3	SLU	20100228	1637	0.1	OLD OAK PARK RD / MOORE L	9	35.1531	-120.5989
3	SLU	20100316	2025	0.1	HORIZON LN / SANTA RITA R	9	35.5289	-120.7419
3	SLU	20100319	2103	0.1	11TH ST  LOS_OSOS	9	35.3239	-120.8311
3	SLU	20100322	2182	0.1	BAY ST / DOLLIVER ST	9	35.1461	-120.645
3	SLU	20100326	2264	0.1	PRINTZ	7	35.1411	-120.5761
3	SLU	20100326	2273	0.1	ROCKY CANYON RD / HWY 41E	9	35.5039	-120.6519
3	SLU	20100326	2257	0.1	PEARLIE LN  NIP	9	35.025	-120.48
3	SLU	20100417	2853	0.1	EL CAMPO	4	35.1111	-120.5639
3	SLU	20100425	3018	0.1	RIDGE RD / SANTA RITA RD	9	35.5361	-120.7281
3	SLU	20100426	3049	0.1	CHAROLAIS RD  SLO_CO	9	35.6031	-120.6689
3	SLU	20100501	3169	0.1	FOX	6	35.325	-120.7289
3	SLU	20100512	3454	0.1	EUCALYPTUS RD  SLO_CO	9	35.0211	-120.5319
3	SLU	20100524	3750	0.2	LA PANZA	9	35.4689	-120.3789
3	SLU	20100525	3771	1	HILL	4	35.3761	-120.4081
3	SLU	20100525	3763	1	TRUE	4	35.5981	-120.3381
3	SLU	20100527	3824	0.1	HILL ST / BLUME ST	9	35.0319	-120.4869
3	SLU	20100527	3827	3	BELMONT TRL / SODA LAKE R	9	35.3081	-119.9869
3	SLU	20100528	3855	0.1	N RIVER RD  PR	4	35.6511	-120.685
3	SLU	20100605	4144	5	LUPINE LN  SLO_CO	9	35.535	-120.6631
3	SLU	20100606	4183	0.1	S HWY 101  / FIVE CITIES	9	35.1381	-120.6311
3	SLU	20100608	4233	0.1	SOFTCHESS PL  SLO_CO	9	35.1831	-120.54
3	SLU	20100609	4248	5	RANCH	4	35.5681	-120.6389
3	SLU	20100611	4309	5	ORCUTT	4	35.1969	-120.5661
3	SLU	20100612	4343	9	ESTRELLA	9	35.7181	-120.6411
3	SLU	20100612	433	0.1		9	35.5611	-120.6711
3	SLU	20100612	4338	5	POMAR	4	35.5631	-120.665
3	SLU	20100613	4377	0.3	CUESTA	9	35.3489	-120.6311
3	SLU	20100617	4480	1	BLUE	9	35.4411	-120.4881
3	SLU	20100620	4590	1	LAKE	4	35.6839	-120.7589
3	SLU	20100622	4635	1	CRESTON	9	35.5561	-120.535
3	SLU	20100624	4696	1	FEENSTRA	4	35.5661	-120.5561
3	SLU	20100624	68	0.1		9	35.135	-120.5731
3	SLU	20100625	4729	0.9	MARGARITA	9	35.3989	-120.6131
3	SLU	20100626	4751	250	CREEK	9	35.3311	-120.7331
3	SLU	20100627	4781	1	THE Y SLO_CO	9	35.7339	-120.2861
3	SLU	20100628	4816	5	CHIA	9	35.445	-120.6081
3	SLU	20100628	140	0.1		4	35.7089	-120.695
3	SLU	20100629	4843	1	ESTRELLA RD / JARDINE RD	9	35.7019	-120.6031
3	SLU	20100630	4867	1	ARCIERO	4	35.6561	-120.4061
3	SLU	20100701	4903	1	VIA	9	35.045	-120.55
3	SLU	20100703	4960	0.1	PIRATES COVE SLO_CO	9	35.1739	-120.7181
3	SLU	20100703	4985	1	MONTEREY RD / WELLSONA RD	9	35.6961	-120.6939
3	SLU	20100703	4972	0.3	UNION RD / PENMAN SPRINGS	7	35.63	-120.6139
3	SLU	20100704	5053	0.1	PISMO LIFEGUARD TOWER 1 2	9	35.1361	-120.6411
3	SLU	20100704	5064	0.1	ADDIE ST / DOLLIVER ST	9	35.1381	-120.6381
3	SLU	20100704	5072	0.1	PISMO PIER PB 8	9	35.1389	-120.6439
3	SLU	20100704	5055	0.1	PISMO LIFEGUARD TOWER 4 P	9	35.1419	-120.645
3	SLU	20100704	5007	31	BEAR	7	35.2931	-119.9289
3	SLU	20100704	5034	0.1	N HWY 1  / TORO CREEK RD	9	35.415	-120.8739
3	SLU	20100706	5118	0.1	JARDINE RD / ESTRELLA RD	4	35.7019	-120.6031
3	SLU	20100708	5171	0.1	HONEY GROVE LN  NIP	9	35.02	-120.4789
3	SLU	20100711	5252	0.1	POMEROY RD  NIP	9	35.0389	-120.5089
3	SLU	20100711	5264	0.1	NACIMIENTO LAKE DR  SLO_C	4	35.7631	-120.8861
3	SLU	20100715	5381	0.1	N RIVER RD  SLO_CO	9	35.6689	-120.69
3	SLU	20100716	5421	10	DAIRY CREEK GOLF COURSE S	9	35.3311	-120.7331
3	SLU	20100717	5459	17	MARCOS	9	35.7219	-120.6981
3	SLU	20100717	5460	4	CRESTON	9	35.56	-120.5381
3	SLU	20100718	484	0.1		9	35.0019	-120.3611
3	SLU	20100718	5489	1	TWITCHELL	4	35.0219	-120.3119
3	SLU	20100724	5683	0.1	PICO	9	35.6261	-121.1581
3	SLU	20100730	5849	0.1	N HWY 101  /W TEFFT ST  2	9	35.0389	-120.4869
3	SLU	20100730	5846	0.5	N HWY 101  /W TEFFT ST N	9	35.0389	-120.4869
3	SLU	20100801	5907	1	HWY 46W AT THE SUMMIT SLO	9	35.5369	-120.8239
3	SLU	20100803	176	0.1		9	35.6119	-120.6361
3	SLU	20100803	5964	7	LINNE	9	35.6081	-120.6089
3	SLU	20100804	177	0.1		9	35.685	-120.73
3	SLU	20100804	6001	1	SHALEROCK RD  SLO_CO	9	35.6411	-120.5681
3	SLU	20100804	6002	2	MUSTARD	9	35.6739	-120.73
3	SLU	20100805	178	0.1		8	35.7089	-120.695
3	SLU	20100810	6176	0.1	CORAL CIR  PB	9	35.14	-120.6281
3	SLU	20100815	6315	1	HWY 46E  / MCMILLAN CANYO	4	35.6611	-120.4139
3	SLU	20100816	6332	0.1	ADELAIDA RD  SLO_CO	9	35.6519	-120.7519
3	SLU	20100821	6481	1200	POZO	9	35.3111	-120.3581
3	SLU	20100822	6527	0.5	KILER	4	35.605	-120.7231
3	SLU	20100823	6554	0.1	SAN BERNARDO CREEK RD  SL	9	35.3619	-120.8069
3	SLU	20100825	6594	0.1	ASUNCION RD / EL CAMINO R	9	35.435	-120.6039
3	SLU	20100828	6700	0.1	HWY 46W  / OLD CREEK RD	9	35.5339	-120.8589
3	SLU	20100828	6687	3	PILITAS	4	35.37	-120.4431
3	SLU	20100830	6752	1	N HWY 101  / 4TH ST ON RA	4	35.1369	-120.625
3	SLU	20100830	6755	0.5	LAKE	9	35.3189	-120.5089
3	SLU	20100831	6769	0.8	THE Y SLO_CO	9	35.7339	-120.2861
3	SLU	20100902	6840	4	GENESEO	4	35.5769	-120.5489
3	SLU	20100904	6885	0.3	31 SHAN	9	35.655	-120.3681
3	SLU	20100906	6963	4	BITTERWATER	4	35.6481	-120.2119
3	SLU	20100907	6976	1	BIDDLE COUNTY PARK SLO_CO	9	35.1811	-120.5181
3	SLU	20100907	6990	2	TRACY	7	35.3661	-120.0411
3	SLU	20100910	7092	0.3	N HWY 101  / AVILA BEACH	4	35.175	-120.6969
3	SLU	20100911	7109	0.1	S HWY 101  / TASSAJARA CR	9	35.3711	-120.6411
3	SLU	20100911	7126	1	JACK RANCH CAFE SLO_CO	9	35.7169	-120.3019
3	SLU	20100911	7125	0.1	ESTRELLA RD / JARDINE RD	9	35.7019	-120.6031
3	SLU	20100913	7180	1	RYAN	9	35.5281	-120.5131
3	SLU	20100914	212	0.1		9	35.6569	-120.5281
3	SLU	20100915	7247	0.1	HIGUERA	4	35.2	-120.6981
3	SLU	20100916	7271	0.1	HI MOUNTAIN RD  SLO_CO	9	35.19	-120.4339
3	SLU	20100917	7298	0.3	SHANDON	9	35.655	-120.3819
3	SLU	20100918	7323	0.2	S HWY 101  / WELLSONA RD	9	35.6961	-120.6969
3	SLU	20100920	7381	3.5	WATERS END RD / UPPER LOP	8	35.2289	-120.4739
3	SLU	20100921	7405	1	CUESTA	4	35.345	-120.7669
3	SLU	20100921	7407	1	GILARDI	4	35.355	-120.785
3	SLU	20100926	756	0.1		9	35.7089	-120.695
3	SLU	20100926	7549	0.1	PARKHILL RD / SEVEN OAKS	9	35.3931	-120.5219
3	SLU	20100927	7596	1	BITTERWATER RD / GILLIS C	4	35.6481	-120.2119
3	SLU	20100927	7599	0.1	EL POMAR DR / VAQUERO DR	9	35.5589	-120.6319
3	SLU	20100928	7634	1	ALBERT	9	35.0469	-120.5589
3	SLU	20100928	7642	0.3	NOEL WY  SLO_CO	4	35.6311	-121.0931
3	SLU	20101002	7768	1	HUASNA	1	35.0831	-120.3181
3	SLU	20101004	7828	1	GUADALUPE RD / OLIVERA AV	9	35.04	-120.5681
3	SLU	20101009	7961	0.5	NACIMIENTO	9	35.6519	-120.7239
3	SLU	20101009	7983	0.1	GREEN VALLEY RD / HWY 46W	9	35.5411	-121.0061
3	SLU	20101009	7955	0.1	SAN JUAN RD / TOBY WAY	7	35.655	-120.3639
3	SLU	20101009	7974	200	LAKE	4	35.7611	-120.885
3	SLU	20101011	8019	1	MARCOS	9	35.7219	-120.6981
3	SLU	20101013	8057	2	ANTELOPE GRADE SLO_CO	9	35.7439	-120.23
3	SLU	20101018	8178	0.1	SALINAS RD / SANTA CLARA	9	35.4431	-120.6111
3	SLU	20101023	8311	0.1	EDNA RD  SLO_CO	9	35.205	-120.6131
3	SLU	20101026	8386	185	ANTELOPE	4	35.7269	-120.195
3	SLU	20101027	8431	1	FRONT ST / SAN RAFAEL ST	9	35.1781	-120.73
3	SLU	20101027	8421	0.1	SAN LUISITO CREEK RD /S H	4	35.355	-120.785
3	SLU	20101029	8461	23	ROCKY	7	35.4911	-120.5419
3	SLU	20101029	8477	0.1	N SANTA MARGARITA RD / ME	9	35.435	-120.6281
3	SLU	20101106	8682	0.1	HUNTER PL  SLO_CO	9	35.6861	-120.6989
3	SLU	20101106	8675	0.1	EL POMAR DR  SLO_CO	9	35.5589	-120.6869
3	SLU	20101106	8681	0.1	CRESTON EUREKA RD / HOMES	9	35.5111	-120.6381
3	SLU	20101111	8801	1	CONCHO	8	35.5739	-120.6731
3	SLU	20101112	8821	0.1	VINEYARD	9	35.5739	-120.7931
3	SLU	20101113	8855	0.5	DOVE	8	35.5461	-120.7581
3	SLU	20101116	8922	1.5	CAMP 8 RD / CRESTON RD	9	35.56	-120.51
3	SLU	20101116	8936	0.1	CORBETT CANYON RD / TIFFA	9	35.1919	-120.5861
3	SLU	20101120	9026	0.1	RAMADA DR /N MAIN ST	4	35.565	-120.7011
3	SLU	20101124	9121	0.1	HWY 1  / VILLA CREEK RD	9	35.4689	-120.9781
3	SLU	20101126	9171	0.1	ROCKY BUTTE TRUCK TRL / B	9	35.7769	-121.1839
3	SLU	20101126	9180	0.1	S HWY 101  / TASSAJARA CR	9	35.3739	-120.6489
3	SLU	20101202	9329	0.1	ORCHARD RD / CHERRY BLOSS	9	35.015	-120.4769
3	SLU	20101203	9354	0.1	WHITE OAK RD / RIDGE RD	9	35.5181	-120.73
3	SLU	20101209	9506	0.1	CLARKSBURG RD / BELMONT T	9	35.3081	-119.9431
3	SLU	20101213	9602	0.1	AVILA VALLEY DR  SLO_CO	9	35.1931	-120.7069
3	SLU	20101216	9678	0.1	DALE AVE / HETRICK AVE	9	35.0719	-120.5231
3	SLU	20101231	10152	0.1	LONGVIEW AVE  PB	9	35.1531	-120.6361
3	SLU	20101231	10151	0.1	GERONIMO	9	35.45	-120.9331
